68 4
15 2.019216 -0.390566 1.853683 -0.454304
61 2.000088 -0.414954 1.804561 -0.435298
19 2.020597 -0.380486 1.860204 -0.473309
21 1.998142 -0.383834 1.835611 -0.468204
64 1.996012 -0.406900 1.816752 -0.462674
16 1.980721 -0.372233 1.800617 -0.468864
23 2.013681 -0.398289 1.849761 -0.473219
66 2.030291 -0.407242 1.868695 -0.441732
46 1.985731 -0.373280 1.851612 -0.401589
47 1.934208 -0.368119 1.788434 -0.458850
5 -0.138611 -1.275187 0.353411 0.166478
11 -0.122151 -1.283672 0.362899 0.179011
56 -0.381431 0.140204 1.112773 -1.822674
63 -0.134477 -1.315820 0.354336 0.181289
29 -0.426549 0.171848 1.122065 -1.817203
7 -0.183781 -1.269928 0.370716 0.232511
53 -0.118208 -1.292977 0.363385 0.154608
6 -0.184576 -1.309261 0.389637 0.221468
55 -0.162061 -1.360581 0.376852 0.251514
50 -0.166732 -1.353342 0.370931 0.249194
65 -0.354468 0.143582 1.084555 -1.832943
22 0.207119 -1.027014 0.333971 -0.533728
18 0.171350 -1.013340 0.329049 -0.504454
58 -0.367722 0.168036 1.102880 -1.805014
10 -0.404012 0.148846 1.092281 -1.755405
40 0.189080 -1.047638 0.327257 -0.467543
31 -0.390268 0.126132 1.122243 -1.907380
49 0.178758 -1.032149 0.327197 -0.516511
25 -0.339272 1.094036 4.648483 1.550512
44 -0.331594 1.111580 4.729447 1.562890
26 -0.281260 1.098693 4.633595 1.514497
13 0.137168 -1.092383 0.324384 -0.395339
62 0.142486 -1.061536 0.324565 -0.398198
57 -0.338659 1.053642 4.557666 1.511219
20 0.170351 -1.066840 0.322042 -0.594692
28 -0.427675 0.142709 1.036604 -1.589659
45 -0.423990 0.083592 0.959908 -1.473426
43 0.150833 -1.027071 0.328839 -0.605904
14 0.113216 -1.011659 0.316388 -0.675330
8 0.124644 -0.975152 0.318753 -0.583495
54 0.161739 -1.056590 0.317739 -0.587488
60 0.074473 -1.050665 0.318675 -0.634288
2 -0.847215 -1.468381 0.625075 -0.478872
9 0.204536 -1.092496 0.329648 -0.644372
30 1.195638 -0.846859 1.715990 0.764635
24 1.264995 -0.937565 1.743224 0.808142
41 0.228021 -1.045884 0.337264 -0.646266
39 -0.836157 -1.463937 0.624186 -0.503385
35 1.189165 -0.922675 1.735349 0.827151
59 -0.630795 -1.345439 0.500140 -0.450133
36 1.218280 -0.876594 1.677056 0.759630
51 -2.115634 -0.870913 1.718903 -1.063182
33 -2.119712 -0.894660 1.709538 -1.043814
17 -0.542580 0.494076 3.982597 1.860107
52 -0.526406 0.494242 3.927563 1.834033
4 -0.625893 -1.269971 0.488054 -0.445087
38 -0.963133 -1.550233 0.696063 -0.507979
3 -0.924783 -1.559544 0.665942 -0.512741
42 -2.889884 -1.366505 2.339813 -1.762667
34 -2.862290 -1.320920 2.332550 -1.748259
68 1.535866 -0.535628 1.581065 0.106054
27 1.552290 -0.547434 1.562487 0.074924
48 -0.274675 -1.175009 0.364027 0.115629
32 -0.316673 -1.174998 0.378112 0.110344
67 0.287041 -1.152388 0.357375 -0.627655
12 0.328395 -1.172703 0.369081 -0.660789
1 -2.364806 -1.715287 1.806263 -0.412172
37 -2.490062 -1.790401 1.945770 -0.465270
