68 4
46 1.137788 1.452138 0.193651 0.209876
66 1.118235 1.438253 0.192456 0.229983
16 1.197931 1.499279 0.215722 0.306996
21 1.151241 1.457438 0.171305 0.285203
64 1.163874 1.485063 0.197006 0.231972
61 1.135894 1.437209 0.183428 0.271237
19 1.104881 1.435016 0.141996 0.242031
47 1.198400 1.505624 0.211198 0.234371
15 1.171830 1.503614 0.141371 0.261325
23 1.132018 1.458751 0.186894 0.208552
56 -1.024052 0.248032 0.492326 0.911578
29 -1.052727 0.276719 0.508497 0.953834
22 -0.760764 1.010870 -0.659318 -0.125831
5 -0.717781 1.190320 -0.415159 -0.428202
63 -0.738980 1.190101 -0.393200 -0.448302
53 -0.705864 1.172083 -0.405115 -0.410131
18 -0.800146 0.994333 -0.656857 -0.101530
49 -0.796839 0.964765 -0.639876 -0.071334
40 -0.782245 0.949908 -0.658492 -0.080980
11 -0.720564 1.174518 -0.413758 -0.423080
65 -1.061729 0.269892 0.494860 0.970915
50 -0.753564 1.240808 -0.408641 -0.473693
55 -0.738264 1.189920 -0.333393 -0.439565
31 -1.003993 0.264660 0.476867 0.904647
62 -0.754358 0.998352 -0.610147 -0.144154
6 -0.739539 1.187492 -0.357901 -0.441842
10 -1.019763 0.274545 0.533789 0.959403
7 -0.746984 1.186882 -0.365395 -0.443861
58 -0.996867 0.265538 0.491752 0.975540
13 -0.744351 0.985285 -0.593435 -0.161394
54 -0.825265 0.873827 -0.571520 -0.029046
8 -0.835032 0.896395 -0.490243 -0.118322
20 -0.823243 0.888856 -0.595300 -0.046809
43 -0.837156 0.870176 -0.479749 -0.088617
60 -0.890289 0.862936 -0.502638 -0.067407
57 0.783806 3.227984 -0.982345 6.043142
45 -0.989793 0.282888 0.631739 0.808516
26 0.816053 3.197321 -0.968470 5.986795
28 -1.009636 0.270535 0.624749 0.857185
14 -0.868550 0.863821 -0.476964 -0.080086
44 0.809820 3.263781 -1.030388 6.025767
25 0.822886 3.378246 -1.066074 6.270604
41 -0.848291 0.862090 -0.546009 -0.023322
9 -0.888137 0.869234 -0.585584 -0.010048
2 -1.461477 1.436130 0.320624 -0.566187
39 -1.461737 1.471203 0.317226 -0.584086
3 -1.510127 1.531036 0.356375 -0.611406
4 -1.282010 1.292195 0.117031 -0.510610
59 -1.314633 1.286346 0.093187 -0.483918
38 -1.486802 1.526630 0.322740 -0.617578
42 -2.356539 2.251457 3.585987 0.033892
34 -2.341673 2.173810 3.519264 0.070354
68 0.812621 1.226562 0.555003 -0.098192
27 0.829780 1.230784 0.622583 -0.107267
35 0.569775 1.657715 1.000314 -0.730206
33 -1.319463 1.503483 2.587883 -0.092543
51 -1.280149 1.483237 2.633083 -0.054792
30 0.510703 1.609553 1.163365 -0.705856
36 0.508967 1.551229 1.092552 -0.664649
24 0.543818 1.668096 1.096799 -0.732968
32 -0.735578 1.193855 -0.121900 -0.509873
48 -0.742146 1.213031 -0.123141 -0.526353
17 1.321298 3.677729 -1.193585 5.950890
52 1.269941 3.709666 -1.297681 5.924237
12 -0.618966 1.166091 -0.828652 -0.135993
67 -0.604603 1.172564 -0.828614 -0.126668
37 -0.508012 1.272827 2.279827 -0.209816
1 -0.507332 1.272486 2.262427 -0.216414
