7 10 2 1 3 10 2 10 2 3 10 1 10 3 1 3 10 1 9 1 10 9 3 10 2 1 9 11 1 3 1 3 9 11 2 5 8 4 8 4 
3 11 10 9 3 10 11 10 9 3 2 3 1 3 1 2 11 10 2 11 3 9 11 2 3 10 2 1 3 1 9 1 9 3 1 9 1 10 9 11 
2 5 7 10 11 1 3 11 1 9 2 1 3 9 11 1 10 6 5 6 5 4 8 4 8 4 8 4 8 4 8 4 8 4 8 4 8 4 8 4 
1 9 11 2 3 9 10 9 2 1 11 3 10 11 9 3 9 3 9 3 2 9 11 1 3 9 1 3 1 11 10 11 2 9 11 10 3 11 10 11 
9 3 11 2 10 6 5 6 5 6 5 3 10 2 3 1 11 2 9 2 9 10 2 1 9 2 1 3 9 1 3 2 11 3 9 10 3 1 2 3 
6 5 6 9 10 2 3 9 10 11 2 3 10 9 11 10 2 11 3 11 10 11 9 2 10 9 10 11 2 10 3 2 1 3 9 10 11 1 9 3 
5 6 8 4 8 4 8 4 8 4 8 4 8 4 8 4 8 4 8 4 8 4 8 4 8 4 8 4 8 4 8 4 8 4 8 4 8 4 8 4 
11 3 11 10 11 9 3 10 1 9 2 1 2 10 9 3 10 2 10 2 11 10 2 10 11 1 3 11 9 1 2 9 10 2 3 9 1 2 3 9 
8 4 8 4 8 4 8 4 8 4 8 4 8 4 8 4 8 4 8 4 8 4 8 4 8 1 3 1 2 11 2 11 2 1 2 9 1 11 10 2 
10 9 2 1 9 11 3 9 3 10 11 3 1 9 2 9 11 10 3 1 3 11 9 11 9 3 2 9 3 11 10 3 11 9 2 10 3 10 3 2 
4 8 4 8 4 8 4 8 4 8 4 8 5 7 9 10 11 1 10 1 2 11 10 11 8 4 8 4 8 4 8 4 8 4 8 4 8 4 8 4 
2 1 10 9 10 2 11 9 1 2 3 2 3 11 9 10 3 9 3 2 3 1 10 1 9 10 2 9 3 1 6 5 6 8 5 10 2 3 2 11 
8 11 3 1 2 9 11 1 3 9 1 10 9 11 9 2 11 9 1 9 2 3 11 1 2 10 2 9 10 9 3 2 11 1 11 2 10 5 7 5 
11 10 3 11 10 1 3 11 3 2 9 10 9 1 11 3 9 11 10 3 11 3 1 11 9 10 3 9 1 10 2 1 2 3 1 2 11 1 9 10 
7 3 1 11 3 2 1 3 10 9 11 3 10 11 9 3 9 2 10 1 10 11 10 2 10 1 9 10 9 2 9 2 9 11 9 10 1 11 10 11 
3 9 2 10 3 7 5 6 5 6 5 3 10 1 10 9 10 1 11 3 11 9 1 11 2 9 11 9 3 2 10 2 11 1 10 9 3 1 10 1 
1 3 9 10 9 2 3 10 9 11 2 11 2 10 3 2 11 2 3 10 9 10 11 3 9 11 9 2 11 1 11 2 10 9 3 1 10 3 2 10 
4 8 4 8 4 8 4 8 4 8 4 8 4 8 5 6 7 5 6 9 10 2 1 11 10 1 3 11 10 1 2 3 10 2 9 11 3 1 9 1 
6 5 6 5 6 5 6 10 2 11 1 3 9 10 9 3 9 1 2 11 2 1 9 11 10 3 1 10 9 1 2 10 9 3 9 2 3 11 10 2 
10 11 9 3 2 9 11 1 11 9 10 3 10 1 3 9 10 9 10 11 10 1 10 2 10 2 10 9 1 9 11 1 2 9 2 9 1 2 3 9 
9 11 3 10 3 1 9 2 11 1 2 1 3 2 10 11 3 11 10 9 10 11 9 11 9 3 10 11 1 2 9 2 9 10 1 10 1 2 10 1 
5 6 3 10 3 1 9 10 1 2 11 1 2 11 10 11 10 1 2 3 9 1 10 9 2 3 10 3 11 10 2 11 2 9 1 10 2 11 3 1 
1 11 2 9 10 3 2 1 10 2 3 2 3 11 10 11 1 9 3 2 3 1 10 1 9 10 2 9 3 1 6 9 1 3 2 5 7 5 1 10 
9 11 9 10 3 11 10 2 9 1 9 1 3 1 3 9 3 1 9 1 10 11 3 10 1 11 1 11 9 10 3 2 11 1 3 2 3 10 11 2 
5 10 1 3 1 10 9 11 1 9 2 1 3 9 10 3 2 1 2 9 10 5 6 5 6 9 5 6 3 9 2 9 11 1 3 10 2 3 2 9 
3 5 6 5 6 5 9 10 1 3 11 3 9 11 9 2 10 3 2 3 9 2 9 3 1 10 2 1 3 11 10 11 3 11 9 10 3 1 11 1 
4 8 4 8 4 8 5 8 6 3 11 2 9 11 1 3 11 2 9 2 1 3 2 1 9 2 10 9 3 2 10 2 11 3 2 9 3 1 10 1 
6 5 6 5 6 5 6 5 6 5 6 1 2 9 11 2 11 2 3 10 11 9 11 3 9 11 9 2 11 3 10 1 3 1 10 9 1 2 11 3 
11 8 4 8 4 8 4 8 4 8 4 8 4 8 4 8 4 8 4 7 6 5 6 5 6 5 6 5 6 5 6 1 9 7 8 4 5 6 5 6 
2 3 1 10 11 9 3 10 2 11 1 11 2 10 11 2 7 2 3 2 11 10 2 10 3 10 9 3 1 9 3 10 11 1 10 2 3 11 10 2 
7 9 11 2 3 11 2 3 1 3 1 10 2 3 1 9 11 9 10 11 9 2 11 2 9 1 3 1 2 11 10 1 2 9 2 10 2 10 3 9 
10 9 2 1 9 10 3 10 1 10 1 11 10 2 9 2 1 11 3 1 3 11 9 11 9 3 2 9 1 11 3 10 3 1 2 10 3 9 3 9 
8 5 7 9 3 11 2 9 3 2 11 1 10 2 1 11 10 2 10 2 9 1 2 10 11 3 9 1 11 10 2 11 2 1 2 10 2 11 2 9 
2 9 1 11 9 3 2 9 3 9 3 2 3 11 9 10 1 9 3 2 3 1 10 3 10 11 2 1 10 9 10 9 3 11 2 1 9 2 11 2 
8 4 8 4 8 4 8 4 8 4 8 4 8 4 8 4 8 4 8 4 8 4 8 4 8 4 8 4 8 4 8 4 8 4 8 4 8 4 8 4 
11 10 7 10 9 11 9 6 1 7 11 9 10 1 11 1 2 1 2 9 10 1 3 10 9 10 3 2 11 2 11 9 2 3 1 2 11 1 9 10 
7 3 1 2 3 9 10 9 2 1 2 9 1 11 9 2 3 2 3 10 2 9 11 2 10 1 9 10 9 2 1 11 3 11 9 10 1 11 10 1 
3 9 2 3 11 10 1 10 9 3 10 2 1 2 3 1 3 2 1 11 9 11 2 9 1 2 10 9 2 11 9 1 9 3 9 10 3 1 2 3 
1 11 3 1 3 10 1 9 10 11 3 9 2 1 11 1 9 1 10 3 11 10 11 2 10 11 9 2 11 1 2 11 9 10 11 9 1 2 11 3 
4 8 4 8 4 8 4 8 4 8 4 8 4 8 4 8 6 10 9 10 9 1 11 9 11 10 9 10 1 9 3 9 3 10 11 3 10 9 3 9 
6 5 6 5 6 7 5 7 5 6 5 6 4 8 4 8 4 8 4 8 4 8 4 8 4 8 4 8 4 8 4 8 4 8 4 5 6 11 2 11 
10 3 11 1 10 3 9 3 1 11 10 1 10 1 3 10 11 9 10 11 9 3 10 2 10 2 10 9 3 9 1 9 11 3 9 1 9 1 9 1 
9 11 1 11 1 3 9 3 9 3 9 2 10 2 10 11 3 11 3 1 3 11 9 11 9 3 10 3 2 9 11 3 11 9 2 10 2 10 2 11 
5 8 5 6 5 6 5 9 3 2 11 3 9 3 11 10 1 10 1 10 2 11 1 3 11 1 10 3 11 9 1 9 2 1 11 1 9 1 10 9 
2 3 2 3 11 9 3 9 2 11 2 11 9 2 3 10 11 10 1 9 2 3 9 11 9 1 2 10 3 9 2 11 1 3 2 11 9 3 2 11 
8 4 8 4 8 4 8 4 8 4 8 4 8 4 8 4 8 4 8 4 8 4 8 4 8 4 8 4 8 4 8 4 8 4 8 6 5 3 10 3 
11 2 1 9 1 10 9 1 9 11 10 2 9 3 10 1 2 3 9 3 10 9 10 2 1 11 1 10 9 1 11 3 10 9 3 11 10 3 10 9 
7 6 4 5 6 5 6 5 6 5 6 3 9 3 11 9 1 9 11 2 3 9 1 11 9 3 11 9 11 3 1 10 1 11 9 11 9 11 10 11 
3 1 3 9 1 3 9 1 10 1 2 10 1 10 3 11 2 9 11 10 3 2 9 2 3 10 3 9 2 1 2 11 3 9 2 1 3 1 11 9 
1 10 9 3 9 2 1 3 9 10 2 3 1 2 9 11 2 11 10 11 2 3 10 9 10 11 10 9 3 10 2 11 9 2 1 2 10 1 3 10 
4 8 4 8 5 6 5 6 5 6 5 6 5 6 5 6 5 6 2 9 1 2 10 2 9 11 1 3 2 11 2 11 3 10 11 10 1 3 1 11 
6 7 4 5 1 2 1 9 1 11 10 3 10 9 10 9 1 9 3 11 9 1 3 11 1 9 3 11 3 11 3 1 9 3 9 2 11 2 11 10 
10 2 11 1 9 2 9 10 11 9 1 9 3 9 3 10 1 3 11 3 9 10 2 3 11 9 7 9 2 1 11 2 10 11 3 11 10 9 10 1 
9 11 2 5 8 4 8 4 8 5 6 5 3 6 5 6 5 6 5 2 9 11 9 11 1 10 9 11 3 11 3 2 9 3 11 10 3 10 9 10 
5 6 1 10 11 2 1 3 1 3 10 11 3 1 11 10 11 3 1 9 3 1 11 9 3 2 1 10 1 10 9 3 2 11 9 10 11 1 11 9 
4 5 3 9 8 4 8 4 8 4 8 1 3 10 11 3 11 1 9 2 10 1 2 1 3 10 3 10 1 10 1 9 3 1 9 3 1 9 1 9 
2 10 1 10 1 2 1 10 1 9 3 11 3 10 11 2 3 10 1 10 11 1 3 1 2 11 10 1 2 5 6 5 6 5 6 9 10 2 1 9 
5 6 5 3 9 1 3 2 11 10 9 1 3 10 11 2 9 11 1 10 3 11 9 1 11 10 1 10 9 1 11 2 9 10 3 10 11 3 10 9 
3 1 2 11 9 11 1 10 2 3 11 1 2 10 3 1 2 11 10 1 2 3 9 10 9 2 1 3 11 1 3 2 3 11 9 11 9 11 9 10 
7 6 7 2 11 9 11 1 2 3 11 2 3 11 3 11 2 9 11 2 10 2 1 2 9 11 3 2 9 11 10 2 11 2 3 11 9 10 11 10 
6 4 8 4 8 4 8 4 8 4 8 4 8 4 8 4 8 4 6 7 4 8 4 8 4 8 4 8 4 8 4 8 6 5 6 11 9 1 3 9 
1 11 2 1 2 3 10 2 10 9 10 9 10 11 2 10 2 3 2 1 2 3 10 2 10 9 2 1 10 2 10 1 11 1 2 1 9 10 9 10 
10 11 1 11 2 9 2 11 2 9 11 1 2 9 10 9 1 9 3 11 9 11 9 11 1 9 1 2 3 11 3 1 9 2 3 9 1 10 2 10 
8 5 3 9 1 9 10 9 11 9 1 9 3 9 3 10 1 3 11 2 3 1 9 2 1 3 10 2 11 10 3 10 9 11 10 9 10 9 10 1 
11 6 2 5 8 4 8 4 8 4 8 4 2 9 2 3 2 10 1 9 10 9 11 9 1 2 1 11 1 11 3 9 10 3 11 6 10 3 1 3 
9 3 10 2 9 1 3 1 3 1 2 3 10 9 11 2 3 10 9 1 2 1 11 9 2 11 10 1 11 1 3 10 2 11 9 10 9 3 10 11 
7 2 11 5 6 7 5 6 5 6 5 3 1 2 3 10 3 9 1 9 2 3 11 10 9 2 9 2 3 10 1 9 3 1 9 1 3 2 11 2 
6 8 4 8 4 8 4 8 4 8 4 8 4 8 4 8 4 8 4 8 4 8 4 8 4 8 4 8 4 6 5 6 5 2 9 10 9 1 2 3 
11 2 1 9 2 3 1 9 1 2 9 1 3 10 3 10 11 1 2 10 1 11 9 1 11 10 3 10 9 1 11 1 11 10 3 11 1 2 1 3 
9 10 2 11 9 2 3 9 3 9 11 2 10 3 9 10 3 2 3 2 3 9 1 11 9 1 2 9 2 9 11 10 2 1 3 1 3 11 10 11 
3 1 3 10 1 3 10 1 10 2 10 1 2 10 3 10 2 9 11 10 3 2 1 11 1 2 3 9 11 9 3 2 11 2 3 10 11 9 11 10 
10 3 11 3 9 11 9 10 2 9 1 2 1 2 9 11 1 9 11 9 2 10 2 9 10 2 9 10 1 2 11 2 1 2 9 11 9 1 3 10 
2 1 9 2 3 10 1 10 1 3 1 3 1 11 2 10 1 2 11 9 3 10 3 2 10 9 1 3 9 1 10 3 10 1 11 10 1 3 1 11 
1 11 1 2 11 10 11 3 4 10 2 3 10 9 10 9 11 2 9 10 9 11 9 10 11 2 11 1 9 11 1 3 10 3 9 3 2 9 2 3 
5 8 5 6 5 6 7 10 9 10 2 11 1 9 1 10 3 1 11 1 10 11 2 3 11 9 1 10 1 11 3 10 9 2 9 11 9 10 9 2 
8 4 2 5 8 6 4 8 4 8 4 8 4 8 4 8 4 8 4 8 6 5 6 5 6 5 6 5 6 5 7 1 3 9 2 1 11 1 3 1 
4 5 2 3 11 3 1 11 9 10 11 2 11 9 2 10 11 3 1 7 5 6 8 4 8 3 1 10 7 4 8 4 8 4 8 4 8 4 8 4 
7 2 11 3 10 9 1 10 11 2 11 2 9 3 10 11 10 11 2 11 3 9 2 1 3 9 2 9 2 3 9 1 10 9 3 2 9 2 11 2 
6 8 4 8 4 8 4 8 4 8 4 8 4 8 4 8 4 8 4 8 4 8 4 8 4 3 11 2 9 10 2 1 2 11 9 10 11 2 9 11 
11 2 1 9 1 2 1 9 1 11 10 2 1 10 3 11 10 2 3 9 3 11 9 1 11 10 2 3 1 9 2 11 1 3 9 11 2 9 2 1 
9 10 1 9 10 3 9 11 1 4 6 3 9 7 5 9 3 9 3 2 3 9 1 11 9 3 10 9 11 1 3 2 3 11 9 11 9 11 9 10 
3 1 3 9 3 1 9 2 3 9 2 10 1 10 3 11 2 9 11 10 1 9 11 3 9 11 1 9 11 9 11 1 10 3 10 11 10 11 10 9 
10 1 11 3 2 1 3 1 2 1 2 10 9 3 10 11 2 11 10 11 2 10 1 3 1 10 11 9 3 10 2 11 9 2 1 2 9 1 3 9 
2 1 9 2 3 10 1 9 2 1 3 11 9 11 2 10 2 10 2 10 11 1 11 2 1 3 10 9 1 9 1 9 2 10 11 10 1 3 1 11 
1 3 9 3 9 2 9 1 9 2 3 9 2 1 3 1 2 11 1 11 9 3 1 11 1 9 1 2 3 11 1 3 10 1 10 3 2 10 2 3 
5 8 4 8 4 8 4 8 4 8 4 8 4 8 4 8 4 8 4 5 6 5 3 10 9 10 3 10 1 11 3 10 9 2 1 11 10 11 9 2 
8 4 2 9 3 1 10 3 10 3 11 1 9 2 9 3 2 1 2 11 9 2 1 3 10 3 11 3 10 11 2 10 11 1 11 10 1 10 9 10 
4 5 2 10 3 9 10 9 10 9 11 1 10 9 11 2 3 10 9 1 10 11 9 10 1 9 11 3 11 5 6 1 9 3 1 3 11 10 3 11 
7 5 10 2 10 11 9 1 2 3 11 9 10 11 10 9 3 11 9 1 3 1 9 2 3 10 1 3 11 1 2 3 2 1 3 9 3 1 2 11 
6 5 6 7 10 1 9 11 10 9 2 11 1 11 2 1 9 3 11 3 9 1 2 11 2 11 9 3 2 3 1 3 11 3 1 9 11 1 11 10 
11 2 3 11 9 3 1 2 1 9 2 1 11 1 2 10 1 11 1 9 10 9 1 2 11 9 10 11 1 11 9 1 2 1 3 2 3 1 9 2 
9 10 11 10 11 9 10 2 3 1 3 11 10 1 2 1 9 10 11 9 1 11 3 11 2 11 2 3 9 10 9 2 1 9 11 9 2 10 1 11 
3 2 1 10 2 10 9 2 10 11 3 10 3 9 3 11 3 9 3 1 9 2 11 2 1 9 2 3 11 10 9 11 2 9 1 9 10 1 9 10 
10 2 11 9 11 1 10 2 10 2 1 2 11 3 11 10 9 2 9 2 1 9 3 2 1 2 11 3 1 11 9 1 2 1 11 3 1 9 10 9 
2 3 2 9 2 3 1 2 9 11 10 2 1 2 11 1 11 9 10 9 3 6 7 6 5 10 1 10 9 3 11 1 10 11 1 2 10 9 10 11 
1 7 10 9 11 3 1 9 2 10 2 11 9 10 9 1 11 3 2 3 1 3 1 11 3 10 11 3 2 11 9 11 9 3 10 11 2 1 11 3 
5 6 5 6 10 2 11 1 10 3 10 11 2 1 9 1 3 11 1 2 10 11 10 1 2 11 9 6 11 1 9 10 9 1 9 11 2 11 9 11 
8 4 8 4 8 4 8 4 8 4 8 4 8 4 8 4 8 3 1 10 11 2 7 11 9 2 11 10 9 10 1 11 9 10 1 10 11 10 11 1 
4 5 9 2 7 9 10 2 3 2 9 1 10 1 11 9 3 2 9 2 9 2 11 2 10 9 11 3 10 2 11 2 11 1 9 1 11 1 9 2 
7 5 10 2 10 3 11 2 9 3 11 9 10 1 11 10 1 11 9 11 10 9 3 10 3 10 3 1 11 3 9 11 2 9 10 3 2 1 10 2 
6 5 6 7 11 1 9 11 3 1 10 2 11 9 2 10 2 11 3 11 2 10 3 2 10 2 9 2 11 1 3 1 11 2 1 9 11 3 11 9 
11 2 7 6 9 3 1 2 1 10 1 11 1 2 9 10 1 11 1 9 10 11 2 3 2 9 10 11 1 2 10 2 9 11 10 2 3 1 9 1 
9 10 11 3 7 10 9 3 9 10 9 2 9 1 2 9 1 3 10 9 3 11 3 11 2 11 2 10 1 3 1 10 3 10 11 9 2 9 1 11 
3 2 1 10 2 10 9 2 10 9 10 3 11 3 9 11 3 10 2 1 9 11 2 11 10 2 11 2 9 11 9 3 2 9 11 1 3 10 3 1 
10 2 11 10 1 2 3 10 1 9 10 3 10 3 1 11 9 1 3 11 3 2 3 2 1 2 11 1 3 11 9 2 10 9 11 3 1 9 10 9 
2 7 1 3 9 2 10 1 11 10 3 2 1 2 3 10 3 1 3 1 10 3 9 10 11 10 2 3 1 10 11 2 3 11 3 11 1 11 9 11 
1 7 10 6 5 6 5 2 3 1 2 3 1 3 1 9 11 10 1 10 9 10 9 11 3 9 11 3 2 11 9 10 9 1 2 10 2 1 11 10 
5 6 5 4 8 4 8 4 8 4 8 4 8 4 8 4 8 4 8 4 8 4 8 4 8 4 8 4 8 4 8 4 8 4 8 4 8 4 8 4 
8 5 6 2 10 11 2 11 10 3 11 9 1 2 10 1 10 1 3 9 11 1 10 9 10 3 10 11 9 10 3 11 9 10 2 3 1 11 3 2 
4 5 9 3 10 11 9 1 9 1 3 2 11 10 9 11 1 9 10 3 11 2 11 2 1 3 1 11 1 2 11 3 2 11 2 11 10 1 9 3 
