55 61 42 48 1 57 9 6 22 2 6 23 2 44 12 1 36 12 31 12 22 9 56 2 1 2 31 9 8 62 14 40 3 54 3 14 16 3 16 14 
9 50 1 50 1 2 15 6 29 7 37 7 39 11 10 38 11 27 10 43 10 11 21 7 2 26 14 7 15 2 1 31 8 23 9 22 1 58 9 39 
6 8 60 6 49 6 12 58 8 20 12 58 6 31 2 49 10 44 1 23 1 9 29 8 57 2 8 28 8 14 3 14 40 3 50 4 17 7 50 7 
40 1 12 23 1 53 1 47 6 15 6 9 15 9 1 15 7 4 7 27 9 53 9 54 6 20 12 8 2 57 1 57 11 20 11 21 11 27 11 38 
17 7 60 8 31 12 58 1 22 12 44 2 39 12 47 8 9 7 25 4 32 4 39 4 53 7 50 7 62 4 32 4 32 4 27 4 11 20 11 21 
21 11 50 9 31 6 60 12 21 2 12 11 2 15 1 36 6 9 23 9 22 2 47 12 8 56 8 28 9 22 6 8 31 9 18 7 4 25 7 18 
14 10 39 10 20 11 21 11 21 11 21 10 20 11 10 11 38 11 20 11 20 10 43 10 11 27 10 11 38 11 21 11 38 11 38 11 20 11 20 9 
26 3 26 3 24 3 19 3 10 51 14 19 10 16 14 3 10 36 4 62 4 22 1 57 8 22 12 28 8 2 31 6 56 6 36 12 47 6 12 15 
43 8 7 1 6 8 11 47 7 16 12 7 32 7 25 7 50 7 50 4 7 32 7 17 7 29 4 17 4 37 7 29 4 37 7 29 4 18 4 53 
54 14 63 14 26 12 8 9 10 39 4 7 39 4 25 9 12 15 2 12 22 1 8 2 25 4 11 38 11 21 11 21 11 21 11 38 11 21 11 38 
59 41 59 7 4 14 39 3 14 23 9 60 2 9 62 6 58 9 1 6 17 7 29 7 29 4 7 18 7 32 9 4 43 14 47 2 15 2 32 4 
52 14 40 10 28 10 20 11 20 11 10 11 21 11 38 12 56 6 9 6 36 7 62 7 50 4 53 7 4 7 25 4 58 1 60 2 49 1 6 22 
1 8 2 47 8 60 12 58 2 44 12 32 4 29 7 25 7 25 7 45 4 32 4 29 7 37 4 62 7 4 53 7 44 1 15 9 20 10 11 40 
36 2 6 12 1 38 10 16 10 26 3 40 3 6 45 7 39 7 4 7 37 8 15 12 15 1 8 30 2 6 36 9 22 6 30 6 58 14 3 26 
30 6 14 39 4 17 7 17 7 50 7 39 7 50 4 39 7 39 4 62 7 25 7 17 7 17 4 17 7 25 7 25 7 25 4 29 7 10 21 11 
50 1 12 10 54 14 8 2 14 7 25 7 53 4 18 7 50 1 36 9 2 14 24 3 51 14 51 14 54 14 3 54 14 24 14 27 11 21 11 21 
7 4 17 7 39 7 39 4 62 7 32 4 7 37 7 29 7 37 7 45 4 53 4 45 7 29 4 32 4 29 7 4 32 7 37 7 31 8 44 9 
3 7 12 58 2 63 4 39 7 9 2 1 39 12 28 6 24 14 52 7 39 4 18 4 58 2 58 8 22 8 49 12 23 2 36 6 47 4 25 4 
18 4 37 2 8 28 12 28 2 7 4 47 2 12 37 4 62 7 39 4 62 7 25 2 31 8 51 7 50 7 53 7 39 4 62 8 60 14 16 14 
39 7 11 10 20 11 27 11 38 4 32 4 7 17 7 32 4 53 7 17 7 62 4 62 7 4 50 4 62 9 25 9 27 4 1 17 4 17 4 37 
44 2 23 7 58 7 28 10 20 11 38 10 11 21 4 7 18 4 32 4 7 29 4 39 4 45 4 18 7 39 4 29 1 24 10 21 1 8 6 28 
61 59 46 41 59 41 59 46 13 33 34 33 34 13 33 34 13 33 13 34 33 34 33 61 33 34 13 34 33 13 34 13 34 61 13 33 13 33 34 61 
62 1 54 14 20 11 38 11 21 11 38 11 43 11 21 11 21 11 27 11 27 11 20 10 29 4 8 26 7 39 7 37 4 50 7 49 1 6 9 28 
58 12 8 60 6 39 7 39 7 18 7 62 7 29 4 17 4 53 4 17 7 45 7 62 8 58 9 14 27 14 19 3 54 10 9 30 12 15 8 9 
49 8 29 7 50 4 18 7 53 4 53 4 25 1 58 2 8 23 9 53 10 38 11 38 10 38 11 43 7 18 7 25 7 45 7 45 11 39 1 2 
28 2 11 20 11 10 38 11 38 11 10 52 10 21 1 4 53 4 32 4 62 4 62 4 45 7 4 7 4 39 4 45 4 17 7 29 7 4 62 4 
8 3 1 10 9 22 9 1 31 12 38 4 52 4 53 7 39 7 62 4 32 4 32 7 23 9 12 31 6 12 8 9 36 2 7 23 1 28 12 6 
2 9 15 2 8 38 8 18 7 53 7 39 7 18 7 45 4 53 7 63 3 19 14 12 7 37 7 29 7 29 7 32 7 4 7 29 8 60 7 32 
48 46 41 59 46 59 46 59 41 59 61 48 42 7 37 7 17 4 39 7 37 4 29 7 62 8 12 30 2 49 9 4 48 42 48 2 28 2 1 58 
41 48 1 15 9 12 44 8 2 9 25 7 39 4 17 11 7 62 7 32 4 32 7 18 7 4 12 1 18 11 20 4 62 8 29 8 15 9 47 8 
37 7 23 8 44 1 6 56 8 57 7 52 11 53 9 30 12 31 3 14 10 20 10 11 20 11 20 11 27 11 38 11 21 4 46 4 14 39 8 6 
32 12 1 49 3 63 3 26 9 12 2 31 8 15 6 44 12 57 9 58 2 30 4 24 3 6 28 6 2 4 39 7 1 15 1 29 7 17 4 25 
53 7 9 39 7 58 12 8 36 1 12 8 1 49 9 2 12 2 12 2 9 15 9 15 6 3 47 1 57 6 1 36 12 1 53 10 12 27 11 52 
5 33 34 33 34 33 13 61 13 33 34 13 33 34 13 33 34 33 13 34 13 61 13 34 33 13 33 34 33 34 33 1 11 31 1 31 1 36 9 1 
22 4 15 7 39 4 18 7 4 39 7 25 7 25 4 1 44 6 2 9 22 8 1 31 2 39 7 38 11 38 10 21 11 62 11 50 7 45 6 9 
15 10 6 56 9 4 48 4 32 4 7 17 4 25 7 39 7 18 7 12 50 1 21 11 20 11 20 11 52 11 20 11 21 11 29 1 11 20 10 52 
23 3 51 2 36 12 9 1 62 4 53 7 50 7 25 7 17 7 45 4 50 4 18 7 29 7 18 7 39 7 53 4 7 37 7 23 8 2 28 6 
19 7 37 4 18 7 63 11 12 11 38 11 38 11 43 11 38 11 20 11 10 38 11 21 11 20 11 20 11 20 11 52 11 38 10 20 11 38 11 38 
27 3 43 10 27 11 20 11 20 11 49 8 36 1 15 9 2 44 2 36 8 47 12 58 9 2 23 2 6 30 7 27 4 45 4 7 44 12 1 44 
34 41 59 46 41 42 13 61 34 13 34 33 61 33 13 34 33 34 13 33 13 34 13 33 34 33 34 33 34 33 13 34 13 34 33 34 33 61 34 33 
24 6 36 12 11 43 11 10 21 10 20 11 20 11 21 11 20 11 7 9 47 6 31 2 4 15 12 57 12 31 8 56 1 39 4 17 4 32 4 51 
57 9 12 2 60 2 49 1 6 2 3 1 6 31 9 44 8 50 12 15 11 20 4 53 4 25 4 53 4 8 11 9 15 1 36 11 1 28 12 2 
56 1 24 14 40 10 38 10 21 11 38 11 21 11 20 11 10 43 11 21 10 38 10 11 10 21 4 45 12 28 2 58 1 2 36 9 3 49 4 56 
60 10 18 7 62 4 17 7 1 15 2 23 12 47 14 21 10 63 14 50 7 18 4 37 7 32 4 32 7 4 18 4 62 4 39 4 53 7 4 39 
46 59 46 59 46 4 11 25 11 1 43 2 50 11 38 11 20 11 7 15 9 36 2 15 9 60 8 28 6 9 37 11 21 11 38 11 20 12 1 2 
10 24 3 54 10 20 6 23 10 11 20 10 21 11 51 8 1 12 44 8 7 21 11 43 11 27 11 43 11 21 11 27 11 20 11 10 40 6 15 9 
51 6 16 2 6 60 12 3 51 14 11 57 1 60 12 9 27 2 36 2 1 2 36 6 31 6 28 1 60 6 57 2 22 6 9 4 40 3 51 3 
4 20 11 20 11 38 11 43 11 10 52 10 11 27 11 10 11 52 10 27 10 11 27 8 50 3 14 10 54 12 22 2 9 49 8 6 36 8 22 12 
38 11 20 11 21 11 38 9 6 9 47 2 7 11 1 60 9 44 9 60 6 9 1 60 6 22 12 58 2 6 2 8 12 38 4 58 12 58 12 50 
12 58 2 49 9 15 12 15 2 25 7 50 2 36 1 12 57 14 51 10 38 11 21 11 38 11 38 11 52 11 21 11 20 11 38 11 43 10 38 11 
42 61 34 61 33 13 34 33 34 13 34 13 61 33 34 33 13 61 33 61 13 34 33 13 33 34 13 61 33 13 61 42 61 34 33 34 61 33 13 33 
31 8 48 8 20 3 19 14 9 54 10 19 4 1 12 44 6 44 1 8 9 60 1 16 4 39 7 11 21 11 21 11 20 11 20 11 21 10 38 11 
47 2 58 9 28 8 28 1 6 63 10 38 2 62 11 20 11 10 11 38 11 38 10 38 11 20 11 21 11 20 10 11 21 11 38 11 39 2 9 7 
16 3 11 27 9 49 7 47 1 17 7 4 53 4 62 7 32 7 53 1 61 33 61 33 34 33 34 13 61 13 61 33 34 33 34 33 13 34 13 61 
29 1 45 7 52 10 11 38 11 43 11 43 11 10 43 10 11 20 11 20 4 39 7 32 11 26 6 60 9 1 31 12 36 6 9 30 8 9 6 63 
13 61 3 14 10 11 21 11 43 11 21 11 38 11 38 11 20 11 20 11 38 10 11 27 1 47 14 40 2 25 4 18 7 50 4 11 27 4 21 11 
33 34 33 34 33 13 61 33 13 34 33 34 33 61 34 33 34 35 55 35 55 35 55 35 55 35 55 35 55 35 55 35 55 13 42 48 46 59 41 46 
63 3 49 1 27 11 21 11 38 11 43 11 38 11 21 11 38 11 20 10 11 20 11 43 11 21 11 20 11 38 11 21 11 21 11 43 11 47 1 46 
25 7 29 4 17 7 47 8 51 9 49 9 8 23 9 28 4 32 7 4 39 7 37 4 62 2 29 7 62 4 50 4 51 14 24 14 54 3 14 19 
35 55 34 33 13 46 59 41 59 46 59 41 59 42 8 30 9 2 9 49 1 44 8 58 2 60 8 9 15 12 3 16 14 3 51 14 63 3 10 14 
20 11 38 11 7 31 8 2 28 8 22 1 2 3 10 21 11 38 11 27 10 38 11 10 8 7 4 18 7 53 8 22 11 15 12 15 2 54 9 2 
45 1 6 45 9 15 9 56 6 7 62 7 4 7 17 10 24 10 4 37 4 7 39 7 4 62 4 50 4 11 12 8 26 14 27 11 32 6 3 51 
11 51 3 14 26 14 6 47 8 52 11 21 14 24 3 40 3 54 14 51 3 61 8 23 8 23 12 1 56 6 23 10 52 11 20 11 23 10 39 4 
20 6 36 14 20 11 21 2 17 12 15 9 27 11 43 11 38 11 43 11 20 11 52 10 11 20 11 38 11 38 10 38 10 38 11 21 11 27 11 38 
9 50 1 57 2 4 26 3 24 3 18 9 30 1 15 2 15 9 56 1 23 8 1 60 2 22 1 2 4 62 7 25 4 39 7 18 8 57 2 44 
5 33 34 33 34 33 13 33 34 33 34 33 34 33 34 33 34 33 34 13 61 42 48 1 56 9 15 9 2 9 12 1 30 14 54 10 21 11 38 11 
19 3 14 26 11 50 7 50 7 37 4 7 18 7 18 4 45 4 17 4 32 7 37 7 37 8 1 2 1 49 6 57 8 15 6 1 6 12 56 1 
23 1 48 46 41 46 59 46 41 46 61 42 46 41 42 7 2 12 32 11 32 4 37 7 45 4 37 7 62 4 32 4 45 4 32 4 7 4 32 4 
45 1 53 12 23 1 49 6 15 12 8 12 11 25 4 37 7 4 45 2 25 11 38 7 11 53 9 22 2 23 9 12 11 39 9 2 8 12 57 8 
11 10 21 11 21 11 21 11 21 11 20 2 31 3 2 3 51 3 16 14 24 8 50 4 29 11 20 11 52 11 27 11 38 11 38 11 20 11 21 11 
16 14 24 12 24 10 2 57 2 49 8 6 49 8 45 9 12 44 9 60 12 32 4 53 4 53 4 39 4 15 7 12 50 4 28 9 47 6 30 2 
43 11 27 11 27 11 20 10 38 11 52 11 20 11 20 11 20 11 38 11 21 11 21 11 27 11 38 11 38 11 10 11 38 11 21 11 38 11 10 21 
18 4 38 11 20 11 27 6 9 44 9 1 38 9 24 3 16 3 63 14 19 3 32 7 37 7 17 4 62 3 8 6 3 14 51 3 2 38 11 52 
59 6 53 6 1 8 22 2 6 8 4 60 2 9 56 6 58 6 8 1 47 9 2 8 12 2 12 9 12 25 4 7 44 9 38 11 31 2 32 4 
62 7 39 4 29 7 18 4 2 47 9 1 12 47 1 23 12 8 2 1 28 6 49 9 63 3 54 10 3 10 27 11 38 11 52 11 52 10 11 21 
1 32 2 36 4 54 3 54 10 38 11 17 7 26 9 32 7 22 1 36 8 22 10 2 58 6 28 12 56 3 51 14 63 12 8 60 9 28 1 22 
36 8 1 15 8 23 12 8 49 12 32 7 18 4 53 7 39 7 4 25 7 40 3 54 14 10 20 10 11 21 11 20 11 10 21 11 38 11 21 10 
42 6 2 22 2 6 2 1 2 50 7 39 4 53 7 18 7 39 4 62 7 25 7 17 11 27 7 25 4 18 7 25 6 27 11 21 11 27 10 11 
63 14 10 20 11 27 11 10 11 27 11 38 11 21 11 38 11 20 11 38 11 3 24 10 57 6 60 8 56 9 8 57 2 15 6 29 4 18 4 39 
38 1 38 12 38 9 28 7 62 4 25 4 7 37 7 18 8 23 9 28 6 30 2 16 14 10 20 11 38 11 44 9 29 1 8 1 19 3 51 14 
54 14 16 10 43 11 52 10 20 11 27 11 43 10 21 11 21 10 52 11 20 11 21 11 38 11 52 10 20 11 52 11 21 11 38 11 20 10 20 11 
3 12 29 10 11 17 4 45 4 9 7 50 10 8 37 1 49 1 30 8 56 14 29 6 30 11 56 2 57 9 56 2 22 10 60 8 60 12 8 31 
35 34 33 34 13 33 34 33 34 46 59 46 41 59 41 46 41 59 46 59 46 59 7 49 11 12 56 2 52 2 28 2 31 9 7 32 4 17 4 37 
32 4 45 4 62 4 21 11 20 11 38 11 21 11 20 11 45 8 9 36 6 8 14 24 4 44 4 10 22 11 9 12 2 17 4 24 3 19 14 25 
56 6 36 8 53 7 4 45 4 25 7 25 7 2 40 3 2 53 1 49 6 22 4 2 12 49 4 43 10 11 38 11 27 10 11 38 11 38 11 20 
53 11 38 11 20 11 38 11 10 19 10 43 11 21 11 10 11 10 11 38 11 20 11 20 11 27 11 38 11 39 7 37 4 50 7 53 7 17 7 45 
17 10 15 8 49 2 47 6 28 4 32 8 58 6 15 2 63 3 32 7 60 1 56 2 9 58 9 6 29 9 2 57 12 56 6 23 12 22 7 32 
46 48 59 42 48 6 8 23 14 3 40 3 32 4 49 6 8 23 9 53 4 37 7 53 4 45 8 36 9 10 23 9 58 12 60 1 6 28 12 2 
44 1 7 32 2 1 36 1 36 1 4 52 7 30 8 9 36 6 12 8 63 10 52 11 21 10 11 20 11 43 11 21 11 20 11 20 11 21 11 38 
10 26 11 21 8 25 14 2 38 4 41 48 7 54 9 36 9 60 6 23 7 18 7 29 7 4 7 45 4 29 7 29 7 4 2 21 11 20 11 27 
4 31 14 50 7 1 2 25 2 56 2 60 9 1 28 12 28 2 25 7 53 4 7 29 7 18 1 28 2 9 31 8 23 10 9 18 4 53 4 45 
60 6 2 3 26 14 2 3 58 8 49 6 8 24 9 1 9 30 6 39 12 57 8 58 8 12 8 23 1 56 7 25 7 32 7 39 4 45 4 37 
28 1 12 2 9 6 47 6 1 12 19 6 47 9 2 8 15 12 23 1 6 8 49 9 56 12 4 15 6 31 1 9 53 14 11 27 11 38 10 19 
25 7 25 7 50 7 4 62 4 50 7 53 4 62 7 37 7 39 7 4 8 21 4 18 4 53 4 29 4 39 7 4 29 4 39 4 32 4 53 4 
12 9 8 58 9 49 9 1 58 2 1 23 6 8 44 8 2 57 9 63 12 30 1 23 8 28 8 12 8 12 28 8 30 8 2 21 11 27 11 10 
24 3 16 14 27 7 37 7 50 4 18 4 17 4 25 4 7 4 18 7 18 9 58 2 37 7 39 7 45 7 17 4 53 4 50 7 4 29 4 50 
61 3 14 63 3 19 3 14 10 11 21 11 21 11 21 10 11 38 11 43 11 10 11 27 11 21 11 43 11 38 11 43 11 39 8 32 11 38 11 10 
27 11 21 11 20 11 27 11 21 11 38 11 38 11 20 11 20 4 18 7 39 1 8 15 9 39 7 45 4 42 59 46 41 59 41 59 41 46 59 46 
41 42 2 60 7 25 7 29 4 45 4 7 18 4 17 4 45 4 37 7 53 4 25 7 29 4 7 37 4 29 4 39 4 45 11 14 15 10 30 9 
58 12 47 2 36 1 2 9 49 6 62 1 50 12 10 38 2 27 3 14 51 14 24 3 16 10 40 2 36 4 52 11 27 10 52 11 21 11 20 11 
15 1 38 11 27 11 43 12 6 12 49 2 40 3 54 3 40 3 24 14 16 14 26 14 18 4 53 9 43 11 7 54 14 63 14 26 3 56 12 49 
50 7 37 4 45 4 7 29 7 50 4 17 4 50 7 4 17 4 37 4 25 7 32 4 45 4 39 7 29 7 54 3 24 3 10 14 63 10 14 40 
22 12 1 12 47 1 12 7 37 7 39 7 18 2 37 6 15 8 15 12 1 22 12 1 8 57 6 38 11 20 11 20 11 38 11 21 11 21 11 52 
52 4 28 4 14 23 6 10 21 11 20 11 27 11 21 11 20 11 10 11 38 11 27 11 21 11 20 11 21 11 20 11 38 11 21 11 43 11 38 11 
39 4 7 29 7 17 4 62 4 32 4 7 17 4 39 4 53 7 4 18 4 17 7 39 4 25 4 53 4 8 11 9 10 30 3 57 9 29 7 32 
6 8 6 8 45 4 50 7 28 12 47 6 1 7 31 12 7 60 12 1 45 7 29 4 1 37 2 37 7 39 7 62 7 2 36 9 6 56 6 54 
8 30 12 58 2 12 30 2 8 15 12 31 12 47 6 28 2 57 9 58 6 15 1 56 6 2 26 3 14 10 14 54 3 10 40 14 63 11 12 32 
40 9 27 11 38 12 2 9 56 12 28 11 51 12 39 1 6 22 6 1 8 47 6 2 36 1 9 22 6 1 18 7 8 31 9 57 12 30 2 4 
13 33 34 33 34 33 34 33 13 61 34 33 34 33 34 33 61 33 34 33 13 34 33 34 33 13 61 33 13 61 34 13 34 33 34 33 13 34 33 34 
48 8 15 9 8 63 3 14 36 7 17 4 53 7 62 7 21 9 28 1 6 28 2 3 24 14 40 3 63 3 49 4 39 4 2 11 39 4 38 10 
29 4 25 4 7 63 3 43 10 11 52 11 21 11 21 11 10 43 11 21 11 20 11 38 4 45 4 21 10 38 11 52 11 38 11 20 11 20 11 21 
7 10 20 11 20 11 38 11 21 11 38 11 20 11 20 11 20 11 10 52 11 21 11 38 11 38 11 52 11 21 11 21 11 43 11 38 2 49 9 58 
51 2 44 8 1 23 1 17 7 18 2 60 7 39 7 6 60 6 49 9 36 6 1 43 4 62 4 50 6 1 25 4 32 8 28 12 23 2 28 1 
30 7 2 40 8 2 6 8 1 4 32 7 32 7 29 4 7 4 45 4 3 14 51 10 19 14 11 21 11 38 11 52 11 43 11 43 4 45 7 32 
57 4 53 7 31 1 9 1 15 2 54 14 10 11 29 6 51 3 19 7 29 12 44 8 9 28 8 9 1 47 8 50 3 19 3 16 3 24 10 14 
31 9 49 12 28 8 28 1 6 63 10 40 10 63 3 26 3 14 16 14 27 7 25 7 53 4 29 11 27 11 38 11 21 11 38 11 38 11 21 11 
26 6 12 2 30 7 18 7 37 4 7 4 37 7 49 8 1 9 58 9 58 12 3 19 3 40 3 10 16 6 7 24 3 40 12 24 1 28 1 2 
49 3 36 1 61 3 14 63 8 25 3 51 9 3 54 6 10 25 7 18 7 25 7 32 4 17 7 62 7 25 4 50 4 18 4 17 7 29 7 62 
2 6 36 2 12 2 3 54 14 63 14 51 3 14 26 11 14 38 3 40 14 3 14 10 3 51 3 40 2 25 4 8 9 44 2 4 11 20 11 27 
21 11 38 11 21 10 20 10 11 27 11 38 11 27 11 20 11 43 10 20 11 38 11 21 11 21 11 52 10 27 11 20 11 38 10 38 4 18 7 18 
34 55 35 55 35 55 35 55 35 55 35 33 34 33 61 13 33 34 61 33 34 13 33 13 33 34 13 34 13 33 13 33 61 13 33 34 33 34 33 13 
14 52 11 20 11 27 11 6 53 7 61 59 46 41 46 41 46 41 42 48 2 54 6 61 7 6 29 7 62 7 50 4 53 4 25 4 52 11 21 11 
55 35 55 35 55 35 55 35 55 5 13 33 34 33 61 33 34 33 34 33 34 33 13 33 13 33 34 33 34 33 61 34 61 13 33 34 33 13 34 33 
47 2 57 12 1 32 1 6 23 8 22 2 7 12 9 28 9 47 3 14 8 26 11 21 11 27 11 27 11 38 11 38 11 10 11 27 11 52 11 21 
33 34 13 34 13 33 34 33 13 33 34 33 34 13 33 34 33 34 13 33 34 13 33 34 13 33 34 33 34 33 13 33 34 33 34 13 33 13 33 34 
37 4 45 4 39 7 29 7 22 2 4 26 7 18 7 37 7 50 7 58 7 53 7 18 7 18 7 3 51 6 32 7 62 4 7 45 7 4 53 4 
58 2 60 14 20 11 20 11 21 11 20 11 20 11 21 11 38 11 43 11 21 11 50 6 12 15 8 47 12 36 9 44 1 51 3 9 8 29 7 45 
62 1 6 44 9 14 22 1 28 2 30 8 36 2 1 47 8 30 9 57 12 15 1 60 2 36 12 9 1 60 8 17 1 30 1 2 44 8 9 44 
23 6 44 7 62 11 21 11 52 11 20 11 38 11 20 11 10 38 11 21 11 20 11 21 11 27 11 21 11 27 11 27 11 27 11 38 11 14 54 14 
35 13 33 34 13 33 13 42 1 32 7 8 28 8 6 9 2 12 2 30 8 58 6 60 12 30 2 7 29 7 53 7 18 7 39 4 6 15 9 17 
42 59 41 59 46 59 41 46 41 46 59 41 46 41 46 41 59 46 41 59 3 45 11 4 45 7 50 7 49 11 45 11 32 4 32 4 11 21 11 21 
50 8 50 9 29 4 62 4 18 7 32 7 17 7 29 7 10 11 21 11 20 11 38 11 21 11 20 11 52 11 21 11 20 10 20 10 11 4 50 4 
31 1 22 1 23 9 8 2 6 8 9 60 9 58 1 12 36 1 12 38 11 20 11 38 11 10 27 11 52 11 21 11 38 11 43 11 21 11 20 11 
22 2 23 2 15 9 2 49 8 57 1 8 56 6 30 2 1 37 12 58 6 28 12 49 12 37 7 21 4 7 18 4 51 3 18 8 47 6 30 1 
1 4 15 6 2 9 1 47 1 8 60 2 1 2 9 36 9 12 49 1 15 4 11 4 9 2 22 2 47 12 1 6 44 8 2 32 7 17 7 45 
57 9 36 9 30 4 7 11 20 11 20 14 23 2 25 9 8 6 60 8 23 9 15 1 8 12 4 50 4 17 7 4 25 4 50 4 7 39 4 62 
12 58 7 45 4 7 39 7 4 44 6 60 2 6 58 9 60 8 6 1 47 9 2 8 12 15 12 9 6 15 12 3 51 14 63 3 26 10 20 11 
10 43 11 20 10 11 21 11 27 11 10 11 27 11 38 11 43 11 21 11 43 11 53 7 50 4 37 4 25 4 29 7 53 7 53 4 62 4 25 4 
38 11 3 51 14 38 10 52 11 38 11 21 11 21 7 32 7 22 8 44 9 30 12 15 2 23 8 56 1 8 47 2 39 10 11 38 11 38 11 38 
4 19 7 8 12 28 12 8 57 2 23 4 29 4 53 11 38 11 20 11 38 11 27 11 20 11 21 10 11 21 7 29 4 7 39 4 62 4 29 7 
2 45 12 31 2 6 2 1 2 60 8 60 9 36 12 15 6 12 2 49 4 17 11 7 32 11 52 11 21 11 38 11 38 11 20 11 38 10 20 11 
43 11 21 11 52 11 21 11 20 11 21 10 52 11 21 11 38 11 38 11 21 11 20 11 38 11 38 11 57 6 9 58 12 32 12 18 4 7 32 4 
13 34 61 59 46 41 46 41 59 61 13 34 35 55 35 55 35 55 35 55 35 55 35 55 35 55 35 55 35 55 35 55 35 55 35 55 35 55 35 55 
25 12 8 56 2 49 1 31 2 6 12 1 39 7 39 4 45 10 52 7 27 11 21 11 38 11 38 11 43 11 52 7 18 4 39 4 29 6 8 12 
37 10 27 10 11 20 11 43 11 27 11 38 11 21 11 38 11 52 11 21 11 38 11 47 1 3 51 7 37 6 58 1 31 8 58 6 44 12 8 31 
47 8 1 15 1 8 11 54 14 10 20 10 11 10 20 11 27 11 38 11 21 7 39 7 53 2 44 2 58 9 15 9 31 10 11 17 4 17 3 56 
59 61 33 61 42 48 2 6 15 8 30 12 9 24 8 15 1 7 32 4 15 14 63 10 11 43 11 21 11 43 11 20 10 11 38 11 20 11 20 11 
48 2 39 4 60 6 11 20 11 21 11 21 10 11 38 11 21 11 20 11 43 11 38 11 20 11 20 11 38 1 56 9 1 42 46 41 59 46 41 46 
21 3 63 14 20 10 21 11 10 20 11 38 11 10 11 21 11 10 11 38 11 27 11 32 4 25 4 37 4 39 7 37 4 50 7 53 7 4 17 4 
5 35 34 33 34 33 13 33 34 61 33 34 33 13 61 34 33 34 33 34 33 13 34 33 34 33 55 35 55 35 55 35 55 35 55 35 55 35 34 33 
24 11 20 6 58 6 8 32 4 10 40 3 26 14 54 3 11 29 4 62 7 50 12 60 7 46 41 46 59 41 46 41 59 46 48 4 14 43 9 3 
40 3 10 24 14 2 44 2 39 7 29 7 24 9 29 7 39 4 32 4 62 4 62 7 18 8 9 8 2 36 14 24 8 9 10 11 38 11 52 11 
61 3 14 16 3 24 11 21 11 50 4 50 4 62 7 50 4 56 2 28 8 15 9 8 17 2 14 40 3 19 14 3 51 11 21 11 20 11 43 11 
6 23 6 58 2 28 6 30 6 58 7 57 9 6 25 11 21 7 18 8 54 3 14 16 3 24 2 24 10 27 10 27 11 21 11 21 11 38 11 20 
8 58 9 6 32 12 1 12 36 1 56 1 2 31 9 12 3 40 8 22 4 50 8 56 14 10 11 18 4 50 8 1 49 8 50 7 37 2 11 51 
28 1 15 9 15 8 36 12 6 3 27 14 40 10 23 6 9 49 2 7 10 3 51 14 54 14 16 6 44 8 1 9 53 4 18 4 7 39 7 29 
53 7 18 7 39 7 3 49 8 50 12 63 14 51 10 21 11 38 11 21 11 21 10 11 20 11 21 11 27 11 38 11 21 11 43 11 20 11 38 11 
46 41 59 41 46 48 7 22 1 8 9 22 1 2 44 8 6 58 9 58 6 22 9 12 23 6 28 6 2 12 28 8 30 8 2 9 2 14 26 14 
15 1 9 44 1 49 9 11 45 7 4 7 25 7 29 4 7 17 2 15 2 9 56 6 43 11 38 11 38 11 21 11 38 11 38 11 27 10 21 11 
20 3 9 39 7 29 4 7 4 11 27 12 1 53 4 22 12 47 9 28 1 4 12 8 23 9 47 6 28 12 1 22 9 23 12 28 8 47 2 9 
19 1 14 11 18 6 2 62 7 40 14 3 54 3 16 3 51 14 8 15 3 63 10 27 11 38 10 38 10 38 6 36 2 56 2 57 2 36 1 12 
7 19 14 54 14 3 51 14 16 14 3 14 26 14 26 14 27 11 38 11 38 2 28 12 15 8 9 19 10 19 7 18 4 23 10 11 10 38 11 52 
11 25 7 53 7 50 7 25 7 39 7 62 7 4 18 7 1 9 28 8 49 2 31 9 8 60 12 44 12 9 49 9 6 24 7 23 8 12 24 14 
36 9 29 9 20 11 38 4 15 8 60 1 37 10 47 1 47 12 23 2 12 44 12 8 28 1 50 4 53 7 4 62 4 37 7 18 4 50 7 45 
63 3 43 11 20 11 20 11 20 11 52 11 38 11 21 11 21 10 38 11 21 11 21 11 21 11 38 11 21 10 52 11 20 10 11 21 10 27 11 38 
60 9 15 1 44 12 3 16 14 3 40 8 9 30 6 15 8 24 14 16 6 39 7 29 7 53 7 37 7 25 7 37 7 63 12 15 1 8 44 2 
17 4 17 4 17 4 29 7 37 4 17 7 17 7 4 29 4 39 4 29 7 45 11 32 9 6 1 57 12 31 8 58 12 47 9 12 29 4 37 4 
39 4 19 8 54 14 52 11 20 11 21 11 27 10 21 10 38 11 21 11 10 20 11 38 11 21 11 38 10 11 20 11 21 11 38 11 21 10 38 11 
14 26 14 3 40 10 51 10 20 11 38 11 27 11 20 11 10 38 11 21 11 38 10 11 20 11 20 11 20 11 38 11 20 11 38 11 20 11 20 11 
56 1 30 9 60 2 30 2 8 15 12 31 12 36 12 17 4 47 9 60 8 15 1 50 7 4 53 7 32 4 18 7 52 11 20 11 38 11 27 11 
33 34 33 13 33 13 61 34 33 13 33 34 33 34 33 34 33 34 13 61 33 34 13 34 33 34 13 33 34 33 34 33 61 3 61 34 33 34 33 61 
16 14 63 3 52 7 50 8 12 8 28 2 36 8 57 12 2 9 47 6 1 23 8 1 9 6 1 43 11 15 12 2 31 8 36 4 53 7 37 7 
9 3 7 1 6 58 8 2 46 41 46 59 41 59 41 46 41 59 46 41 59 4 29 7 27 11 43 11 58 2 49 12 31 6 9 4 40 3 51 3 
54 11 7 19 8 48 42 48 8 12 50 4 12 6 9 8 15 2 60 9 44 14 12 63 3 24 11 20 11 43 11 52 11 62 11 21 11 27 11 21 
34 13 33 34 33 34 33 34 13 34 33 34 13 34 33 34 33 13 33 34 33 34 13 33 34 61 13 33 61 33 13 33 13 33 34 33 34 33 34 33 
45 3 54 10 20 11 21 11 20 11 20 11 20 11 38 10 38 11 52 11 38 11 21 11 38 11 38 10 52 11 21 11 20 11 38 11 20 11 43 11 
27 8 7 44 12 1 8 6 15 12 2 9 6 15 1 32 12 1 31 2 1 9 49 12 9 15 7 4 45 4 10 54 3 61 13 34 55 35 55 35 
51 14 63 10 21 11 21 11 21 11 38 11 21 11 21 11 38 11 27 10 20 11 43 11 10 21 11 20 11 38 10 21 11 27 10 11 20 11 38 11 
3 54 10 14 18 7 37 7 4 62 11 43 11 38 11 20 11 15 1 47 2 58 6 39 2 24 8 6 1 18 2 8 28 6 8 22 8 49 6 12 
44 9 7 12 23 12 28 9 23 6 2 1 44 9 56 8 21 12 60 8 58 12 3 22 2 15 9 12 2 6 1 22 2 26 3 24 14 19 14 10 
29 1 45 7 53 7 17 4 39 4 17 3 26 11 50 3 14 20 11 27 10 11 20 10 11 21 11 52 11 21 11 52 10 11 21 11 10 11 21 11 
26 10 36 2 12 1 12 49 2 23 1 62 7 17 4 7 29 7 17 4 50 7 17 7 8 14 63 8 47 1 18 6 15 6 60 8 12 30 8 2 
52 11 53 4 1 42 48 1 31 1 57 1 6 15 9 22 6 23 12 2 20 11 38 11 43 11 20 11 20 11 21 11 21 10 21 11 21 11 52 11 
41 59 41 59 41 59 46 41 46 41 7 25 7 50 7 15 9 15 12 15 8 6 28 12 8 2 8 6 15 8 15 9 12 6 1 28 12 44 12 37 
32 8 31 7 17 7 39 4 62 4 62 4 18 7 18 7 18 7 39 7 25 7 39 7 62 4 32 7 52 11 38 11 52 11 21 11 52 11 29 7 
55 35 55 35 34 33 34 33 34 33 34 33 34 33 61 33 34 33 61 34 33 13 42 59 46 41 59 41 59 41 42 48 3 14 63 10 38 11 21 2 
18 8 52 3 7 31 8 2 31 8 37 1 6 8 9 28 9 47 3 14 19 6 9 12 4 15 11 10 25 11 50 4 53 4 7 17 4 62 4 25 
49 9 3 45 4 29 4 50 7 4 62 7 4 7 17 4 45 7 29 7 62 4 37 7 4 56 2 60 6 2 8 14 20 4 32 11 32 6 3 61 
30 9 47 9 28 8 12 31 4 59 34 42 33 34 33 34 33 34 13 34 33 34 61 33 34 33 34 33 34 13 33 34 33 34 33 34 61 13 33 34 
55 61 48 7 29 9 10 20 10 21 11 38 11 38 9 8 44 6 47 2 28 11 52 10 1 2 19 1 6 44 2 47 8 44 8 2 6 22 3 47 
41 61 13 33 13 34 33 34 33 34 33 34 61 13 61 34 33 34 55 35 55 35 33 55 35 55 35 55 35 33 34 33 13 33 61 33 34 33 34 33 
8 17 4 50 6 44 12 57 12 28 7 53 4 32 4 53 4 53 4 7 12 9 29 8 59 46 13 59 48 42 2 6 47 9 56 8 36 8 57 7 
33 34 13 33 13 33 13 34 13 33 13 33 34 33 34 33 34 13 33 34 33 34 61 41 3 24 3 11 21 11 38 11 20 11 43 11 4 32 7 37 
49 12 43 14 26 3 52 11 38 11 38 11 38 11 38 11 21 11 20 11 21 11 43 11 43 11 38 11 38 11 21 11 20 11 21 11 21 11 20 11 
53 4 50 4 17 7 53 7 25 4 7 17 7 22 12 44 1 12 30 8 20 11 38 11 21 11 20 11 38 11 21 11 27 11 21 11 10 11 52 11 
42 61 33 34 33 34 35 55 35 55 35 55 35 55 35 34 33 34 13 42 48 8 57 1 7 11 6 4 62 7 23 9 36 8 44 12 9 52 11 10 
12 20 10 21 11 38 11 38 11 38 10 27 11 20 11 21 11 43 11 38 11 21 11 38 11 43 11 20 11 10 27 11 38 11 20 11 38 10 21 11 
54 11 3 2 10 4 7 41 48 1 36 6 15 2 30 9 47 6 62 4 18 4 25 4 7 17 4 17 4 37 7 29 4 37 7 29 4 25 4 53 
34 33 34 13 33 13 33 34 33 34 33 34 33 34 33 34 13 33 34 33 34 33 34 13 33 34 33 34 33 61 13 34 33 13 34 33 61 33 13 34 
58 7 48 42 1 23 8 1 15 12 15 2 6 9 56 9 58 9 1 6 47 9 15 1 6 15 12 9 6 21 11 21 11 20 11 38 11 20 11 43 
50 9 17 4 29 8 23 1 11 38 11 10 11 38 11 21 11 21 11 21 11 27 11 21 11 38 11 38 11 21 11 27 7 47 1 12 58 8 6 22 
21 14 2 37 7 50 4 62 7 39 4 39 4 45 7 25 7 25 7 47 9 30 12 15 2 23 8 56 1 8 44 9 38 3 16 14 24 10 16 14 
5 33 34 33 34 33 34 33 34 33 34 33 34 33 34 33 34 33 34 33 13 33 34 33 61 13 33 13 33 34 61 33 34 33 34 61 34 13 61 34 
24 9 2 47 1 8 9 2 12 49 2 60 9 44 8 15 6 12 1 49 4 31 1 15 8 14 60 9 12 10 49 12 57 11 20 3 56 10 23 9 
26 14 4 9 50 11 10 11 21 11 20 11 38 11 21 11 52 11 43 11 21 11 27 7 52 11 38 11 52 11 21 11 7 25 7 24 4 12 2 28 
31 6 25 4 37 4 39 4 62 4 7 4 7 37 7 11 38 9 22 11 20 10 11 38 11 20 11 21 11 20 11 10 20 11 21 11 20 11 38 11 
43 11 21 11 38 11 52 10 20 11 10 11 43 10 21 11 21 10 52 11 43 10 11 21 11 21 11 52 11 38 4 17 4 50 4 7 50 4 32 6 
13 48 46 2 8 28 9 28 6 12 2 60 4 7 38 4 63 4 27 1 60 4 31 12 30 8 49 1 54 2 57 12 23 8 56 9 43 10 3 28 
22 12 10 11 27 11 20 11 38 11 20 10 11 10 20 11 20 11 43 11 21 10 38 11 38 11 38 11 38 11 21 11 21 10 11 20 11 20 10 43 
7 62 4 32 4 52 7 4 45 4 45 7 17 4 17 7 25 4 17 4 18 4 37 4 7 37 7 4 45 7 32 7 4 17 4 17 4 7 29 4 
20 1 45 4 62 1 12 15 11 10 53 7 63 14 63 14 3 40 3 51 3 19 3 14 11 38 10 38 11 10 38 11 20 10 11 20 11 38 11 20 
17 9 58 9 23 8 30 6 8 30 12 56 2 12 9 8 9 15 8 50 7 25 4 32 4 45 4 37 4 39 7 37 4 50 7 53 8 15 9 28 
23 3 16 11 52 11 39 12 15 9 12 60 6 8 16 2 63 3 26 3 53 7 53 7 29 7 9 6 31 12 9 56 1 58 2 28 2 9 12 2 
6 8 29 7 50 4 32 7 62 7 39 4 39 4 50 7 1 27 11 52 11 38 11 38 10 21 11 43 11 27 11 21 11 38 11 38 10 21 11 27 
11 21 11 21 11 10 38 11 38 11 14 50 4 17 4 25 7 29 7 29 7 37 4 17 7 50 7 29 7 39 4 45 4 17 7 29 7 4 62 7 
37 7 17 7 10 27 10 14 17 11 43 11 52 10 38 11 43 10 43 10 20 11 20 11 21 11 10 21 11 21 11 27 3 10 11 24 14 17 7 29 
9 32 7 62 7 39 4 32 4 50 4 53 4 18 7 38 7 53 7 50 6 31 1 4 11 45 7 32 4 30 8 31 4 25 7 25 4 37 7 18 
52 11 21 11 21 11 27 2 44 2 61 48 42 61 8 29 14 28 4 47 12 57 8 58 8 12 8 31 6 58 11 20 11 20 11 21 11 20 11 38 
10 11 27 11 21 11 20 11 7 17 4 37 4 25 4 17 7 53 7 8 1 4 48 61 42 46 61 13 33 34 33 34 33 13 34 13 61 33 13 33 
3 38 12 44 8 29 7 53 7 50 12 58 12 60 10 40 10 24 10 11 21 11 43 11 20 11 20 11 27 11 38 11 21 11 43 11 20 10 43 11 
39 7 4 62 7 62 7 22 2 15 9 22 7 11 38 11 21 10 11 38 3 18 10 27 11 38 11 10 11 3 24 14 40 10 3 26 14 9 28 1 
4 14 1 37 4 62 7 4 29 9 7 2 23 12 2 27 11 27 11 20 11 20 11 14 43 11 38 11 38 11 21 11 38 11 38 11 20 11 38 11 
56 10 4 37 4 17 4 32 7 17 8 12 6 57 9 25 10 36 6 43 11 10 11 21 11 21 1 28 2 49 12 37 7 37 4 39 7 44 1 2 
48 7 4 25 7 18 4 37 7 37 4 8 50 7 4 7 50 7 17 7 39 7 37 7 39 8 16 14 3 51 14 17 7 53 12 49 4 37 4 18 
27 11 10 43 7 25 7 9 12 30 2 6 36 2 30 6 29 4 37 7 53 4 32 4 21 11 21 10 52 11 27 11 20 10 11 10 11 20 11 52 
61 33 34 33 13 34 13 34 33 13 34 33 34 33 61 34 13 34 33 61 34 61 33 34 13 33 34 33 34 33 34 33 13 34 33 34 61 13 34 13 
60 9 29 7 25 4 53 8 2 1 57 8 47 9 43 6 43 8 32 7 2 39 7 29 7 2 60 6 44 12 8 58 6 47 6 22 8 60 8 62 
35 55 13 33 34 33 34 13 34 33 34 33 13 34 13 61 34 33 34 33 34 33 34 33 34 33 34 33 34 33 34 33 13 59 46 59 46 41 59 46 
30 1 12 1 44 12 3 16 8 4 45 7 18 7 43 1 23 8 15 12 6 39 7 11 28 12 44 12 15 8 30 6 15 8 1 30 1 2 39 7 
36 9 31 9 2 22 12 1 31 1 9 1 8 36 6 31 1 22 9 15 6 36 8 31 2 8 9 56 8 30 12 58 12 47 9 21 11 20 11 52 
51 12 16 3 63 14 52 11 21 11 27 11 20 11 38 11 38 11 20 11 10 20 11 38 11 21 11 38 11 10 20 11 21 11 38 11 27 10 38 11 
57 12 25 7 43 11 52 7 37 7 45 4 18 4 39 7 12 56 8 12 28 12 21 9 16 11 32 4 25 7 37 7 32 4 39 7 8 57 9 58 
45 4 17 4 62 4 17 7 29 7 39 4 62 7 45 4 37 4 7 50 7 32 4 37 7 32 4 25 4 7 18 4 62 4 39 4 53 7 4 22 
18 3 24 14 18 7 29 4 54 14 26 14 54 14 63 3 19 3 14 11 31 9 7 25 7 62 4 45 9 8 36 9 12 15 12 49 2 15 1 2 
15 9 56 8 56 8 44 1 15 1 8 30 8 9 58 2 10 4 37 4 7 21 1 32 9 6 14 23 3 14 54 14 11 20 10 20 10 52 7 18 
46 48 13 34 33 34 33 34 61 13 34 33 34 33 34 33 34 13 33 34 13 34 33 34 61 13 34 13 34 33 34 33 34 35 55 33 13 61 41 46 
62 6 12 9 12 49 6 47 2 12 50 4 7 17 7 11 15 2 50 7 41 46 59 41 46 41 46 41 59 46 41 59 46 59 41 2 20 10 21 11 
44 10 11 52 11 20 10 21 11 20 10 11 27 11 20 11 27 10 11 52 11 21 11 38 11 21 11 49 14 16 3 14 10 43 11 38 10 52 11 38 
59 41 46 59 41 46 41 59 46 41 4 53 4 45 7 4 62 4 62 7 39 4 32 7 50 4 53 7 62 7 18 7 4 62 4 53 4 37 4 29 
19 10 16 14 26 11 20 11 12 9 1 9 16 3 4 25 14 4 31 2 9 12 57 9 1 6 22 6 8 36 6 60 3 61 59 41 7 25 2 10 
38 4 37 12 30 2 31 8 2 56 1 44 1 9 15 6 56 1 23 8 9 60 1 9 8 22 12 9 6 47 8 50 3 19 3 16 3 24 10 11 
40 12 54 14 18 7 37 7 17 4 29 7 29 7 39 4 32 4 25 4 32 7 18 7 53 7 20 9 8 36 12 1 30 11 25 7 39 7 25 4 
25 1 15 1 28 9 26 3 17 4 9 6 30 14 60 1 31 2 56 6 53 7 29 4 17 4 45 4 32 4 18 7 18 7 60 14 3 26 14 10 
2 4 38 11 38 11 21 11 38 11 21 10 27 11 38 11 10 20 11 20 14 24 3 9 10 23 10 52 11 20 11 38 11 21 11 38 11 10 11 52 
63 14 63 14 10 16 3 60 10 38 11 52 11 10 21 11 20 6 2 28 9 4 12 1 15 2 47 6 37 4 32 4 17 4 50 7 17 4 39 7 
32 4 60 8 6 23 9 15 10 12 43 4 7 32 7 37 7 36 1 6 22 8 47 2 47 8 36 1 21 4 25 4 25 7 39 7 17 7 62 7 
28 9 56 2 31 9 15 12 49 6 44 12 28 9 1 7 37 7 39 7 4 32 4 53 4 18 4 7 32 7 4 17 7 4 25 4 49 8 1 22 
16 10 20 10 26 14 63 14 62 7 62 4 18 7 18 7 37 4 32 11 20 11 43 10 52 11 43 10 52 7 50 4 62 8 18 10 56 1 12 9 
47 2 23 3 6 12 56 1 36 6 54 9 2 56 9 28 12 11 2 59 42 48 42 59 46 59 48 4 29 7 17 7 45 4 45 4 53 7 4 18 
1 37 1 58 9 23 6 8 31 8 22 2 7 29 4 45 7 45 4 25 4 37 7 32 4 18 4 6 17 11 51 3 37 10 16 14 22 2 44 9 
14 24 14 63 14 4 16 14 3 1 59 1 6 1 12 23 6 57 4 53 7 4 53 7 4 56 8 52 10 11 10 11 20 11 43 11 43 11 20 11 
29 12 47 9 28 8 12 28 8 48 4 32 7 25 7 39 7 50 7 62 4 62 7 25 4 39 7 4 48 42 41 59 41 46 59 41 4 18 7 12 
50 12 56 11 52 10 11 38 11 21 7 29 7 4 17 4 39 7 39 7 4 18 4 53 4 29 6 25 7 39 4 11 28 7 29 4 7 18 7 32 
41 42 48 7 17 7 21 10 11 21 10 21 11 27 10 43 10 52 11 21 11 20 11 10 52 11 52 11 10 21 11 38 4 29 7 29 7 29 7 2 
8 12 1 58 2 6 12 14 21 2 8 7 32 7 18 6 15 1 6 1 36 1 31 1 30 6 31 12 56 9 36 9 8 15 2 23 2 60 7 25 
53 12 36 9 2 8 28 9 22 8 21 4 62 3 51 10 26 3 38 8 15 1 8 22 2 44 6 8 18 2 38 12 6 12 49 8 6 31 12 6 
23 6 17 7 21 7 15 9 2 6 56 12 56 9 36 11 21 4 45 7 37 7 25 4 50 4 37 12 43 10 27 11 20 10 27 11 43 10 11 20 
58 2 23 11 9 10 56 8 6 8 22 4 39 7 45 7 4 53 4 37 4 7 39 4 53 4 53 7 37 7 45 7 39 7 53 4 37 7 25 7 
24 3 10 26 14 17 1 12 15 2 1 12 7 32 4 7 39 4 45 4 45 7 45 7 53 4 29 4 7 12 29 4 62 4 45 7 29 7 29 4 
27 1 44 14 24 3 40 9 18 3 54 14 19 2 14 29 6 52 7 50 4 50 12 22 4 50 10 8 23 6 15 2 1 23 6 15 2 32 9 39 
35 42 61 3 14 27 10 3 49 3 26 14 25 7 1 8 36 2 49 8 1 60 1 44 8 58 12 36 1 31 6 12 31 11 45 8 57 2 49 1 
25 4 54 2 14 22 14 19 6 15 4 62 7 25 4 32 11 38 10 38 11 43 11 20 11 20 11 20 11 43 11 43 11 20 11 38 6 1 6 1 
33 61 3 2 44 9 1 47 2 60 2 56 9 25 4 29 7 58 9 29 7 52 11 38 10 43 8 43 12 56 12 6 32 7 6 57 10 2 8 20 
52 11 52 3 24 14 10 43 11 10 38 11 20 11 38 11 38 11 38 10 20 11 38 11 10 20 11 38 11 38 11 21 11 25 4 39 7 39 7 50 
37 11 18 7 4 25 7 37 4 39 4 53 4 2 17 9 4 18 9 6 1 36 8 6 1 12 6 28 6 1 28 1 12 31 2 15 9 3 12 22 
43 11 27 11 20 11 2 1 8 9 49 2 45 4 7 53 7 18 4 45 7 4 17 7 29 7 25 7 25 7 4 48 6 15 2 42 48 1 12 23 
49 6 40 9 30 4 44 9 57 8 6 4 8 9 23 1 42 61 59 41 59 41 61 13 34 33 34 33 34 33 34 33 34 33 34 13 33 34 13 34 
17 7 17 7 25 7 17 7 18 7 9 15 8 22 12 1 47 1 20 11 38 4 58 7 12 11 7 25 7 53 4 53 4 7 53 4 45 4 29 7 
59 46 59 41 59 41 4 8 6 44 12 7 53 7 4 37 4 18 7 53 7 4 50 4 7 18 7 17 4 9 8 47 12 30 4 53 4 48 4 38 
32 4 29 4 7 53 4 25 7 29 7 4 29 9 31 9 12 49 2 30 8 9 1 49 1 9 36 12 1 47 6 2 6 12 15 6 57 9 8 44 
16 8 49 6 4 16 14 63 3 24 10 11 12 9 36 6 47 1 9 38 11 27 11 43 11 20 11 20 7 18 7 4 53 7 37 7 4 17 4 32 
26 14 11 27 11 39 4 45 4 25 4 32 4 62 7 29 7 39 7 37 9 7 45 7 2 58 9 37 4 50 7 18 4 62 7 62 4 62 4 62 
48 42 41 46 41 46 41 59 46 41 59 41 46 41 46 59 41 46 59 41 59 41 59 41 61 13 34 55 34 33 42 7 3 53 12 58 12 14 10 20 
63 2 47 2 12 26 10 3 54 3 23 3 51 14 43 12 30 1 12 1 8 31 1 56 8 12 49 1 2 31 6 15 2 9 4 18 7 17 7 17 
5 33 34 13 33 61 33 13 34 33 34 13 34 33 34 33 34 33 61 33 34 33 13 33 34 61 34 13 33 34 33 61 13 33 13 33 61 34 33 34 
1 37 7 29 9 2 12 2 28 1 57 8 60 9 60 2 15 6 8 57 12 9 60 2 12 47 1 9 53 4 25 6 10 53 7 32 4 53 4 18 
7 25 4 37 7 6 36 1 7 10 43 11 21 11 38 11 43 11 20 11 38 11 20 11 43 10 38 11 28 12 1 44 12 56 9 25 14 10 20 11 
34 33 34 33 13 33 34 33 34 61 13 61 13 33 34 33 34 33 34 33 34 33 34 33 34 33 61 34 33 34 13 33 34 33 34 33 34 33 13 61 
42 41 46 41 59 46 41 46 59 46 41 46 59 41 46 42 59 41 59 41 59 46 59 46 48 46 59 2 32 8 1 31 9 6 32 4 32 1 15 9 
9 24 11 2 49 9 30 8 22 8 9 15 2 49 6 8 62 4 18 4 32 7 4 32 4 7 10 19 1 23 4 25 4 7 25 4 45 7 50 7 
57 12 7 32 4 62 4 17 4 45 7 4 53 4 45 4 45 9 53 8 53 4 32 4 25 7 18 4 25 4 7 25 7 32 4 18 4 32 7 4 
4 17 1 36 11 52 11 38 11 10 52 10 11 38 11 43 11 38 11 21 11 27 10 21 11 52 11 10 43 11 38 11 20 11 52 11 43 11 52 10 
19 14 26 14 26 14 3 51 14 27 11 38 11 38 11 43 11 27 1 7 36 12 31 12 31 7 49 8 24 10 27 11 20 11 10 11 10 11 38 11 
2 8 7 22 2 23 1 27 10 43 11 20 10 20 11 20 11 10 20 11 20 11 20 11 27 11 52 11 27 11 20 11 38 11 21 11 38 11 20 11 
3 63 10 11 37 7 54 9 7 17 3 16 14 40 10 20 11 43 10 43 11 20 11 27 11 38 11 21 11 38 11 43 11 52 11 20 11 21 11 20 
10 4 50 7 45 4 32 7 39 7 45 4 53 4 50 7 45 4 50 12 49 2 9 12 9 17 7 18 9 14 26 3 51 3 19 3 10 37 6 9 
56 14 16 14 3 39 8 2 31 6 24 8 58 11 57 9 8 18 11 2 6 1 36 12 28 9 1 6 1 36 8 22 2 50 7 29 11 43 11 38 
54 3 40 14 40 4 8 15 1 58 8 58 6 44 2 47 1 9 1 60 12 49 12 9 22 12 56 9 2 57 9 28 8 18 4 53 7 25 7 62 
46 41 46 41 59 46 59 41 42 59 46 59 41 59 41 61 42 6 57 9 36 12 2 60 1 22 1 15 6 50 4 17 4 39 7 62 7 39 4 25 
12 9 45 2 60 2 49 1 15 8 53 3 26 14 11 7 50 7 29 4 50 4 38 11 20 11 21 11 21 11 21 11 38 11 21 11 38 11 21 11 
60 7 39 7 8 49 9 8 47 1 49 9 6 49 12 17 7 44 4 28 7 31 7 53 7 3 63 3 14 24 12 1 9 22 1 6 8 22 12 7 
44 12 10 20 11 38 11 20 11 38 11 21 11 4 14 57 10 11 20 11 38 10 21 10 38 11 20 11 38 11 38 12 56 1 49 8 2 8 1 6 
40 10 14 54 14 63 14 47 2 44 9 60 2 60 8 15 9 39 4 62 7 18 4 17 7 39 7 50 7 50 4 32 7 4 7 25 4 45 4 18 
14 52 2 44 8 26 3 16 7 39 7 49 9 60 12 11 20 10 52 11 20 11 52 11 20 11 38 11 21 11 43 11 4 7 50 4 29 7 25 4 
15 3 14 26 10 11 43 11 43 11 20 14 54 3 54 7 42 48 1 56 1 25 11 52 11 20 11 21 11 20 11 21 11 38 10 52 10 38 11 43 
55 35 34 13 61 34 33 34 61 34 13 34 33 34 61 13 61 13 34 33 13 33 34 33 13 34 13 34 33 55 5 55 35 55 35 55 35 55 35 55 
18 1 54 1 10 38 10 11 20 11 18 4 7 39 7 29 4 45 7 4 63 10 38 11 38 11 21 11 52 12 9 15 6 57 1 9 47 1 15 14 
38 4 10 26 10 52 11 20 11 21 11 20 11 10 21 11 50 3 14 15 8 9 23 8 1 29 6 58 9 57 2 8 6 36 1 49 12 9 15 1 
20 8 38 2 8 17 7 28 12 15 1 10 3 63 8 7 29 7 50 7 17 7 28 12 58 2 6 53 14 10 52 11 21 11 20 11 62 6 9 12 
61 34 33 13 34 33 34 33 34 59 4 52 11 38 10 11 27 11 20 11 38 11 21 11 38 11 21 10 11 20 11 52 11 21 11 38 11 43 11 20 
11 18 7 45 11 21 11 38 10 21 11 43 11 38 10 21 10 20 7 4 30 8 60 8 56 9 4 25 7 39 4 50 4 62 7 18 4 7 29 7 
6 12 2 6 48 6 9 30 2 6 60 1 40 14 40 3 14 28 4 20 6 22 12 31 1 6 3 26 14 27 11 20 11 52 11 20 10 20 10 11 
62 4 18 4 62 7 17 7 25 4 7 53 7 18 7 25 4 20 11 21 11 43 11 27 7 18 7 4 45 7 50 4 32 4 29 4 29 4 39 10 
29 7 54 11 43 11 20 11 21 11 43 11 38 11 21 10 43 11 21 11 38 11 10 21 11 20 10 11 21 11 21 11 10 21 11 38 11 20 11 38 
45 4 32 1 62 4 32 7 4 53 7 17 7 25 4 39 7 4 17 2 15 8 23 9 47 8 60 2 59 61 42 48 8 2 60 2 1 6 8 28 
39 4 17 4 20 4 38 8 12 15 1 16 8 30 10 20 8 32 4 57 9 44 1 22 2 1 15 12 15 2 1 44 12 9 6 47 6 56 2 9 
21 11 10 43 10 38 11 38 11 21 11 50 7 50 4 53 11 27 10 11 38 11 38 11 24 7 39 7 4 47 9 29 8 31 6 9 56 9 60 2 
28 3 49 9 15 6 10 43 9 19 10 52 11 10 21 11 10 11 21 11 21 11 20 11 20 11 38 11 27 11 52 11 20 11 20 11 27 11 21 11 
47 9 29 4 53 4 45 14 1 2 6 17 9 12 9 58 6 15 8 36 1 62 1 6 44 12 58 1 32 7 47 6 60 6 60 8 2 1 49 9 
22 9 12 2 58 1 56 8 9 39 7 17 7 37 7 50 4 25 4 62 7 21 11 38 11 21 11 20 11 21 11 21 10 11 10 11 43 11 27 11 
51 10 24 14 26 14 3 61 13 34 33 34 13 34 13 34 33 34 13 61 13 34 33 34 33 61 41 59 41 46 59 41 59 41 59 41 59 41 46 41 
13 34 35 13 61 13 33 13 34 33 34 33 34 33 34 33 34 33 34 33 34 33 34 13 34 13 33 34 59 61 42 61 3 54 14 15 1 12 27 10 
36 4 8 2 23 6 28 2 8 32 4 32 4 12 37 8 2 7 52 4 45 11 39 4 25 7 39 4 53 7 4 18 7 48 7 37 7 62 4 25 
31 2 62 4 38 11 21 11 20 11 38 10 38 11 52 11 38 11 21 10 27 11 27 7 18 4 45 7 45 7 25 7 45 6 56 6 1 8 22 12 
30 6 12 28 9 6 57 2 28 8 44 12 15 12 49 9 58 8 1 52 11 21 11 21 11 20 11 38 10 21 11 38 10 20 10 16 11 16 12 62 
50 12 52 11 62 4 25 2 29 4 58 3 24 14 27 10 21 11 38 11 21 11 7 45 4 53 4 17 4 45 4 25 7 39 4 7 4 32 7 25 
41 42 34 35 55 35 55 35 55 35 55 35 55 35 55 35 55 35 55 35 55 35 55 35 55 35 55 35 5 33 34 61 34 33 42 48 6 2 12 4 
8 6 1 52 10 11 20 11 43 11 21 11 20 10 27 11 20 10 11 20 11 52 11 38 11 38 11 52 10 11 38 10 11 20 11 38 11 38 11 20 
53 12 36 2 15 1 31 12 31 12 6 12 58 10 63 14 25 7 45 4 2 6 2 30 6 17 4 18 7 39 7 25 4 3 54 9 1 20 11 29 
23 8 47 12 23 12 8 12 22 6 56 12 56 3 58 7 15 7 26 10 24 14 19 14 51 3 38 11 38 11 20 11 10 11 21 11 38 11 21 11 
58 2 15 2 6 22 1 8 6 8 22 8 23 9 44 2 6 58 6 36 12 14 26 3 40 3 51 3 24 14 54 3 24 2 56 12 44 6 15 12 
24 3 10 20 10 27 10 11 20 11 15 1 15 6 9 8 22 6 32 4 39 4 53 7 62 12 6 42 48 42 48 42 59 41 1 22 9 43 8 4 
27 1 29 1 30 10 38 10 18 7 50 4 17 7 17 7 45 7 39 2 57 12 7 25 4 50 4 7 29 7 18 7 4 17 7 18 7 29 7 45 
35 42 48 2 1 28 8 9 62 6 15 12 22 1 6 28 4 29 2 22 2 58 1 44 12 60 8 44 7 29 8 12 31 11 45 4 50 7 62 7 
25 4 54 2 14 22 14 19 6 15 4 60 8 1 28 8 29 2 31 9 23 2 6 2 6 22 12 9 60 12 23 8 44 1 47 2 15 12 8 12 
33 34 33 61 34 33 34 61 34 33 61 34 13 33 34 33 35 33 13 2 18 7 25 7 32 3 10 27 11 38 11 20 11 43 11 38 11 21 11 21 
52 11 38 11 20 11 7 57 9 8 58 4 11 31 12 9 44 9 56 12 2 3 51 14 10 27 11 38 11 38 11 21 11 25 12 32 3 24 10 38 
37 7 17 4 25 4 62 10 38 11 20 11 10 20 11 52 11 21 11 27 11 38 11 20 10 11 20 10 3 14 24 14 16 14 3 14 26 14 2 19 
43 14 10 1 31 8 15 14 3 14 51 14 63 14 1 53 11 2 9 23 12 1 6 60 9 58 9 57 8 48 4 49 11 31 4 45 4 32 4 39 
49 8 39 7 18 4 39 7 45 4 18 4 7 17 7 4 39 7 4 7 17 7 4 29 7 37 7 62 7 29 4 7 62 4 45 9 58 12 6 3 
17 7 17 7 17 4 17 7 18 7 32 11 10 38 11 21 11 38 11 43 11 20 11 52 11 20 11 21 11 52 4 53 4 25 7 39 4 37 7 18 
59 48 42 48 1 58 12 2 9 57 6 16 10 43 11 20 11 10 43 10 21 11 38 11 10 20 11 21 11 21 11 43 11 20 10 21 11 38 11 39 
32 4 7 17 7 37 6 2 57 6 49 12 44 6 29 2 1 56 1 28 2 4 2 57 1 9 44 8 12 47 6 3 7 18 6 40 12 1 14 47 
16 14 54 3 16 3 24 3 54 14 51 14 8 11 38 11 38 11 20 11 38 10 11 38 11 20 11 20 10 20 10 11 38 11 20 10 11 20 11 20 
26 10 11 10 11 43 11 21 11 10 11 20 11 52 11 20 11 38 11 21 11 10 38 11 20 11 43 10 21 10 11 20 11 38 11 58 8 57 12 58 
48 42 41 61 34 33 61 13 61 33 34 33 61 34 33 34 33 61 13 33 34 33 34 33 34 13 34 33 34 33 34 48 13 33 34 33 13 61 33 61 
63 2 47 2 1 31 9 8 60 9 22 4 53 4 39 7 28 8 3 1 8 31 8 57 1 6 56 8 14 22 12 9 31 4 17 7 45 4 25 4 
5 35 55 35 55 35 55 35 55 35 55 35 55 35 55 33 34 33 61 33 13 34 13 34 33 34 33 13 61 33 13 34 13 61 13 33 61 4 53 4 
1 37 7 29 7 17 7 18 12 8 52 2 53 7 49 9 12 44 1 49 9 1 60 2 12 47 1 9 53 4 32 4 32 7 25 4 45 7 37 7 
7 25 4 37 7 4 37 4 11 20 11 10 20 10 21 11 43 11 20 11 38 11 20 11 38 11 38 10 21 11 7 43 6 58 9 25 7 12 9 49 
34 33 35 55 35 55 35 55 35 55 35 61 59 41 59 46 41 46 41 59 46 59 41 59 41 59 46 59 46 41 59 46 59 41 59 41 46 41 59 46 
42 46 41 59 46 59 41 46 59 46 59 46 59 41 46 41 59 41 59 41 59 46 59 46 48 46 41 7 17 9 22 1 50 7 25 4 18 7 3 19 
9 22 12 11 38 11 21 11 43 11 21 11 43 11 38 11 43 11 21 11 20 11 27 11 27 12 6 9 28 6 36 8 30 1 6 11 17 9 44 9 
57 12 6 23 1 57 6 25 4 40 14 1 36 9 23 8 31 6 53 7 62 4 45 7 18 7 18 4 25 4 7 29 7 29 4 7 53 4 17 7 
4 17 7 39 7 62 7 50 8 6 60 6 8 44 12 44 8 44 2 6 1 2 28 12 9 49 8 12 54 11 43 11 20 11 52 11 20 11 52 10 
19 4 32 7 37 7 4 53 7 39 4 39 4 53 7 50 4 45 4 17 4 39 7 45 7 50 4 7 25 7 18 7 37 4 7 9 1 7 49 6 
2 10 8 24 3 24 14 19 3 63 3 14 10 26 11 43 10 11 27 7 37 4 32 7 29 7 53 2 9 44 8 60 1 11 4 37 14 26 14 3 
3 48 41 59 46 59 41 59 46 41 46 41 46 41 2 15 12 31 9 39 4 7 50 7 17 4 7 4 7 39 4 45 9 60 2 15 12 7 44 1 
10 4 62 4 37 7 37 7 39 4 37 7 50 7 53 7 38 4 50 7 50 4 7 4 32 4 25 4 25 4 17 4 37 4 18 4 7 37 7 17 
56 1 6 9 1 47 2 1 23 1 18 11 38 11 52 11 21 11 38 10 11 10 43 11 22 8 11 20 4 53 14 40 3 54 3 19 14 40 10 63 
54 3 47 8 22 9 1 2 6 50 4 62 7 39 4 37 4 25 4 52 7 50 7 32 4 32 4 18 4 50 11 38 11 20 11 43 11 20 11 52 
46 41 59 46 42 48 7 52 11 38 11 20 11 52 10 14 15 12 49 12 44 6 1 50 4 39 7 6 44 7 38 11 38 11 38 11 20 11 10 11 
12 9 45 2 60 9 56 1 15 6 60 12 6 1 9 15 6 26 14 3 51 14 63 11 38 7 17 7 17 4 7 4 50 7 4 7 45 4 18 4 
60 7 37 4 7 53 7 4 39 7 53 4 7 62 2 25 4 45 8 23 2 28 9 60 6 9 60 6 9 22 2 6 12 32 4 7 18 7 17 7 
44 1 6 18 4 50 7 17 7 39 7 25 9 8 10 52 14 10 2 56 1 15 12 56 6 1 47 2 47 2 44 12 56 1 49 8 2 12 6 7 
40 10 6 48 41 46 61 3 61 34 13 34 13 34 13 61 41 46 59 41 1 41 59 46 59 46 41 46 41 59 46 41 59 46 59 41 59 46 59 46 
14 52 4 50 4 45 7 32 4 45 4 62 4 62 4 14 17 7 58 1 23 4 62 4 45 7 53 2 8 56 8 2 9 11 52 11 20 11 20 11 
15 3 2 22 6 1 36 2 29 7 11 8 60 12 44 2 26 3 10 63 11 20 11 52 11 20 11 21 11 20 11 21 11 52 11 52 10 21 11 43 
55 35 34 13 61 33 34 33 34 33 13 34 33 13 33 34 13 33 34 33 13 61 3 54 3 11 1 2 15 1 11 45 7 27 11 20 11 21 11 38 
18 1 58 4 8 36 9 8 25 10 2 3 10 40 14 16 3 26 7 4 62 4 37 4 50 7 17 7 62 4 32 7 45 7 45 4 45 7 4 6 
38 4 10 26 10 52 11 20 11 20 4 7 18 1 38 11 38 11 21 11 27 11 21 11 27 10 38 11 43 4 21 11 20 11 38 11 20 11 20 11 
20 8 30 8 15 10 14 24 10 19 14 6 1 36 9 7 17 14 38 11 27 11 21 11 52 10 20 11 21 11 38 11 21 11 21 11 52 11 10 11 
61 34 33 34 42 46 59 41 46 41 59 42 46 41 42 46 41 59 41 46 59 46 59 46 59 41 59 41 59 41 46 59 46 59 46 59 41 46 41 46 
11 18 7 50 7 4 17 4 39 4 7 37 7 53 4 27 11 20 11 9 23 8 52 1 56 10 2 9 28 12 28 9 53 8 30 12 43 11 10 21 
6 14 10 14 54 14 10 24 14 19 10 38 7 29 7 39 4 45 7 25 7 32 4 32 4 7 11 27 11 21 11 20 11 52 11 20 10 20 10 20 
62 4 25 7 62 7 17 7 18 4 17 4 62 4 32 7 4 29 7 4 7 39 7 37 4 7 18 4 37 7 50 4 32 4 32 4 25 4 45 7 
29 3 52 11 20 8 30 3 6 31 9 8 44 9 6 47 2 12 8 11 38 11 27 11 6 8 38 8 28 2 20 11 10 21 7 62 4 17 7 45 
45 4 32 1 49 2 15 9 6 44 12 1 39 9 31 7 39 4 17 7 25 7 18 7 45 4 53 4 62 7 53 7 32 4 53 4 25 4 32 4 
39 4 7 24 3 26 10 3 11 10 3 8 20 10 25 4 50 4 38 11 21 10 21 11 20 11 21 7 18 4 18 7 18 11 4 37 14 53 11 21 
21 4 8 60 10 38 11 52 11 21 11 38 11 43 11 43 11 27 11 10 43 11 38 11 21 11 38 11 20 10 11 20 11 20 11 21 11 20 11 10 
28 3 54 4 17 3 1 39 7 37 7 53 7 6 20 11 10 11 20 11 21 11 21 11 20 11 38 11 27 11 52 11 20 11 10 52 11 21 11 21 
47 9 29 4 29 4 45 7 17 8 9 23 11 14 10 51 9 10 53 7 50 4 62 8 36 14 57 6 28 9 44 6 60 6 60 8 2 32 4 20 
22 9 1 9 60 1 56 8 6 36 1 8 2 15 12 44 2 15 8 56 7 37 3 49 9 3 14 24 3 26 3 14 60 9 16 6 44 2 9 14 
51 10 20 11 38 11 21 11 21 11 20 11 27 11 21 11 38 11 20 11 21 11 38 7 37 7 32 7 60 2 15 2 53 7 50 4 53 4 39 7 
13 34 33 61 13 33 34 33 34 33 34 33 61 34 33 34 33 34 33 59 42 13 34 33 34 13 33 34 33 34 33 61 34 33 13 34 33 13 34 33 
36 4 8 14 40 11 21 10 20 11 43 11 27 11 38 11 20 11 62 14 40 10 38 11 20 11 38 11 52 10 11 21 11 52 11 38 11 52 11 21 
31 8 60 4 38 6 1 3 23 9 30 12 56 11 63 14 60 1 14 49 9 27 11 52 11 20 10 21 11 38 10 38 11 38 11 43 11 27 11 20 
30 6 10 27 8 15 12 1 44 12 47 2 27 9 57 8 57 11 12 49 9 15 3 32 4 32 4 39 7 21 3 40 3 26 8 11 37 6 57 1 
50 12 52 11 52 11 21 10 21 11 38 11 20 11 18 7 25 7 39 7 4 25 4 37 7 50 4 39 7 27 2 7 18 12 8 2 8 36 1 28 
41 42 61 42 46 41 42 48 1 6 49 9 22 7 52 11 38 11 21 11 10 27 11 10 52 11 52 11 21 10 38 11 38 11 38 11 52 11 10 11 
8 12 1 36 1 2 15 6 28 1 6 2 4 14 11 20 11 20 11 21 10 57 11 44 8 47 6 52 3 19 10 20 11 20 11 38 11 38 11 21 
53 12 36 2 15 1 31 12 18 7 25 4 50 7 45 4 39 7 50 7 29 7 17 4 45 4 53 4 32 7 18 7 4 29 12 44 6 29 6 1 
23 8 26 10 27 8 10 3 26 14 63 10 49 8 62 1 6 22 9 30 6 9 2 1 61 34 61 34 33 13 34 33 34 13 34 33 34 61 33 34 
58 2 23 11 27 11 57 6 9 11 18 2 22 12 36 1 12 57 2 40 14 10 20 11 38 11 38 11 20 11 20 11 20 11 38 11 20 11 21 11 
24 3 10 20 10 21 11 21 11 21 11 27 11 20 11 21 11 21 11 43 10 38 11 20 11 27 11 43 11 21 11 20 11 52 11 43 11 38 11 38 
27 1 44 12 22 1 22 1 29 12 36 12 9 2 6 23 4 58 6 48 59 1 6 17 10 56 1 2 23 6 8 47 9 31 8 15 2 6 2 44 
35 42 61 33 34 33 13 61 34 13 34 13 34 33 13 34 33 34 33 34 33 34 33 34 33 34 13 33 34 61 13 33 13 34 33 61 34 13 33 34 
25 4 53 10 11 20 11 21 11 27 11 38 11 27 11 27 11 52 11 38 11 38 11 20 11 20 11 10 43 11 20 11 43 11 43 11 27 12 8 12 
33 61 48 8 60 9 12 44 2 60 8 56 6 18 4 7 39 7 37 4 45 7 37 7 17 4 7 37 1 58 9 12 22 2 12 63 3 22 12 23 
52 11 38 11 20 11 21 11 21 11 38 11 20 11 43 11 20 11 38 10 20 11 38 11 21 11 21 11 10 21 10 27 11 43 11 21 11 20 11 38 
37 7 17 4 1 12 63 10 40 14 26 10 11 1 25 6 11 4 11 10 11 38 11 21 11 27 11 21 11 21 11 21 11 38 10 20 11 8 7 22 
43 14 10 27 11 10 20 11 27 11 38 11 38 11 21 11 38 11 20 11 38 11 20 11 20 11 25 8 6 62 7 53 7 37 7 45 7 29 4 17 
49 8 47 2 22 6 23 6 44 1 8 7 4 25 4 7 37 7 9 1 12 7 3 4 50 4 45 7 62 4 17 7 49 1 8 12 60 1 8 2 
17 7 6 10 19 10 19 3 2 26 12 16 6 39 11 21 10 43 11 38 10 38 11 38 11 20 11 20 11 52 11 38 8 16 1 44 8 36 6 28 
59 48 46 41 59 42 6 2 9 57 6 1 56 2 3 51 7 3 54 10 21 11 52 11 10 11 52 11 52 11 21 11 10 21 11 38 11 52 11 38 
32 4 7 4 7 53 4 25 7 29 7 4 29 9 31 3 22 1 28 2 28 1 15 2 56 9 36 12 1 37 4 29 7 37 7 39 7 4 18 8 
16 8 57 1 15 8 31 12 36 12 58 6 2 15 6 9 44 12 9 44 12 6 12 43 10 26 3 19 14 19 14 9 45 4 23 8 15 9 23 9 
26 10 27 11 20 10 11 21 11 10 11 20 7 54 8 10 39 8 1 21 2 7 45 7 32 4 45 7 46 48 42 41 59 41 46 59 41 59 46 59 
48 42 41 61 33 34 13 33 61 34 33 34 13 33 34 33 34 13 61 33 13 33 34 33 34 13 34 33 34 33 34 33 34 33 34 33 13 61 33 61 
63 2 47 2 12 22 8 2 44 12 6 36 9 8 47 2 18 6 2 12 6 19 14 51 3 16 11 54 14 26 6 15 2 9 4 15 6 14 6 9 
5 33 13 34 33 34 33 13 34 33 34 13 34 33 34 33 34 33 61 33 34 33 13 33 34 33 34 13 33 34 33 61 33 61 13 33 61 34 33 13 
1 37 7 29 9 15 14 3 27 11 50 8 60 9 60 8 2 22 12 53 4 29 7 25 4 53 7 17 4 18 4 50 7 50 7 32 7 45 7 18 
7 25 4 37 7 6 36 1 6 12 56 9 22 6 56 8 28 8 1 7 47 6 12 30 6 60 6 58 12 44 3 47 1 58 9 25 7 29 4 50 
34 33 34 33 13 33 13 34 48 7 4 1 15 1 8 38 10 27 9 10 36 11 54 3 26 10 3 63 3 16 3 39 10 54 10 52 11 43 11 21 
42 46 41 46 41 59 41 46 59 46 59 46 59 41 46 41 61 59 46 41 59 46 59 46 48 42 48 7 32 7 37 7 50 7 25 4 18 7 4 29 
9 23 1 12 58 12 23 1 46 48 1 23 6 56 8 4 53 4 17 7 4 29 4 32 11 9 4 17 4 7 50 7 25 4 32 4 39 7 50 7 
57 12 7 32 9 60 1 28 2 28 12 7 45 11 25 4 45 4 50 4 62 4 45 7 25 7 1 2 9 15 1 8 60 2 12 6 60 9 2 1 
4 39 7 39 7 62 7 50 7 4 60 4 45 7 37 4 50 4 53 4 15 8 38 10 11 38 11 10 38 10 38 11 20 10 52 11 18 7 58 8 
19 4 32 11 20 11 27 11 20 10 21 11 21 11 45 4 45 7 4 39 4 39 7 50 4 45 7 32 4 62 7 18 7 39 4 25 4 25 7 17 
2 10 11 20 11 17 7 23 12 63 11 6 15 1 12 30 9 12 9 57 12 56 9 21 8 47 1 15 6 15 10 43 10 11 21 11 38 11 20 11 
3 48 2 11 37 7 54 9 7 17 3 16 14 40 10 20 11 43 10 38 11 20 11 27 11 38 11 10 26 14 10 19 14 51 14 19 3 14 37 12 
10 4 52 11 38 11 20 11 38 10 38 11 20 11 38 11 43 11 38 11 38 10 16 3 14 40 10 11 10 16 2 31 12 44 8 2 4 37 7 25 
56 1 12 6 12 44 2 1 23 1 8 9 51 14 60 9 8 1 36 8 15 12 43 11 20 11 20 4 25 7 9 47 1 58 9 20 11 43 11 37 
54 3 47 8 22 9 1 8 15 2 58 8 2 44 8 39 7 8 16 10 29 12 1 8 20 4 50 2 1 58 6 23 6 12 49 6 60 9 60 12 
46 41 46 41 59 46 59 41 46 59 41 59 41 59 41 59 46 41 59 46 59 46 59 41 46 41 46 59 41 59 7 24 10 21 11 52 11 38 11 20 
12 9 28 6 62 4 62 7 4 53 7 37 7 25 4 18 4 29 4 29 7 39 6 56 2 6 22 2 1 58 9 12 56 12 1 9 57 7 17 7 
60 7 39 4 7 53 4 7 45 7 53 4 7 62 4 32 7 45 4 17 4 32 4 62 4 7 62 7 4 39 7 12 16 10 19 14 3 40 10 14 
44 12 10 20 11 38 11 20 11 38 11 21 11 27 11 38 11 21 11 52 11 27 11 38 11 27 3 19 10 51 3 24 10 26 4 47 9 15 1 11 
40 10 14 54 14 63 14 47 2 60 8 58 9 57 7 4 53 7 29 2 15 2 49 2 9 28 2 49 12 47 6 31 1 6 9 22 9 31 6 7 
14 52 4 53 12 36 1 2 22 2 15 12 8 58 7 16 14 16 10 11 21 11 52 11 20 10 52 11 10 52 11 21 11 21 11 52 11 43 11 21 
15 3 2 22 6 7 47 2 29 7 4 7 50 4 53 8 22 2 12 36 1 25 7 62 4 32 7 18 2 23 9 10 6 59 46 59 41 46 59 46 
55 35 55 35 55 35 55 35 55 35 55 35 55 35 55 35 55 35 55 35 55 35 55 35 55 35 55 35 55 35 55 35 55 35 55 35 55 35 55 35 
18 1 54 1 6 30 6 9 31 6 12 1 4 39 6 4 6 32 7 12 60 12 37 2 57 2 12 8 49 12 9 15 6 52 4 7 45 3 14 3 
38 11 2 6 23 12 36 8 22 10 6 9 26 8 27 6 57 6 12 1 2 8 28 12 6 9 39 7 27 7 17 7 32 7 50 6 15 8 15 1 
20 8 38 2 8 17 7 28 12 22 12 8 2 57 12 2 1 36 9 6 15 8 1 44 2 49 12 57 2 1 60 8 1 47 2 18 7 2 6 11 
61 13 34 33 34 33 34 33 61 33 13 33 34 61 33 34 13 33 34 33 13 34 33 34 33 34 13 33 13 33 59 6 27 2 1 57 10 24 6 17 
11 18 7 39 4 25 4 37 12 28 1 8 15 2 1 8 57 12 3 16 14 24 14 16 10 26 14 24 9 44 6 58 7 52 4 25 8 10 25 9 
6 12 2 6 48 6 9 30 2 8 58 1 30 6 47 1 11 43 11 21 11 21 11 21 11 21 2 23 6 29 4 31 7 48 59 41 46 41 2 9 
62 14 6 62 1 25 1 8 2 12 9 49 1 41 34 48 41 46 59 46 59 46 41 59 48 4 7 4 38 11 38 11 20 10 20 11 21 11 27 11 
29 4 62 7 37 4 45 7 29 4 53 4 53 4 7 46 59 46 59 46 59 41 59 41 46 59 46 41 46 59 46 59 46 41 59 41 46 41 46 59 
45 4 32 4 62 4 32 7 32 4 25 4 53 4 39 4 53 4 17 2 31 1 40 3 51 14 38 7 48 4 58 8 9 4 57 9 1 6 11 23 
39 4 7 24 3 26 10 11 10 20 11 20 11 20 10 20 11 43 11 38 11 38 10 38 11 20 11 52 11 38 11 38 11 26 11 44 6 57 1 6 
21 4 8 49 9 44 8 60 8 10 14 54 3 51 10 63 3 14 40 3 63 3 39 12 26 3 47 2 9 28 6 36 6 29 11 2 57 9 60 8 
28 12 52 1 26 10 11 38 11 38 11 52 11 10 21 11 10 11 20 11 21 11 20 11 20 11 38 11 27 11 52 11 20 11 20 11 20 11 21 11 
47 9 29 4 53 4 53 4 7 29 4 29 2 4 2 60 9 12 49 2 49 6 49 9 44 12 60 1 8 53 12 23 12 60 6 15 1 9 49 3 
22 9 1 7 62 4 62 4 29 7 62 7 4 25 7 50 4 27 11 52 11 32 7 56 1 11 27 10 20 11 52 11 52 11 21 11 43 10 20 11 
51 12 27 11 20 11 27 11 21 1 8 31 6 23 1 3 50 11 9 16 6 37 4 17 4 29 7 4 53 4 17 4 53 7 50 4 53 4 45 4 
13 34 13 34 13 34 33 34 33 34 33 34 33 34 13 61 13 34 33 34 33 34 33 13 33 13 33 13 34 33 34 13 33 34 13 33 34 13 34 33 
36 4 7 4 45 7 37 4 7 18 7 18 7 4 47 11 21 6 58 12 31 1 44 1 2 36 12 22 2 57 9 8 31 9 49 2 8 56 9 15 
31 2 60 6 47 6 9 1 31 1 30 12 49 2 58 6 58 6 7 62 7 18 6 50 8 15 12 22 9 49 9 49 6 60 12 28 6 15 6 21 
30 12 1 20 11 21 11 21 7 32 4 29 4 39 7 18 7 20 11 38 11 21 11 21 11 20 11 38 10 21 11 38 11 20 11 21 11 20 11 38 
50 12 52 11 38 11 20 11 43 11 38 11 20 11 20 11 21 11 38 11 20 11 21 11 21 11 20 11 38 11 10 11 21 11 27 11 21 11 52 11 
41 42 61 42 59 41 46 42 46 3 63 3 27 11 52 11 38 11 21 11 20 11 38 11 52 7 52 2 11 19 10 43 4 29 9 2 49 9 8 6 
8 6 1 36 1 9 22 12 30 1 10 11 21 11 20 11 21 11 21 11 43 10 21 11 43 11 21 11 38 11 38 10 11 20 11 38 11 38 11 20 
53 7 50 7 26 11 27 7 39 7 25 4 50 7 45 9 32 14 63 14 3 14 19 1 31 1 36 7 18 2 30 12 1 6 57 6 9 31 9 10 
23 6 47 6 30 9 8 2 30 8 60 2 60 7 57 3 14 19 3 40 10 14 19 14 51 3 38 12 43 10 21 11 20 10 27 10 38 11 21 11 
58 2 23 12 2 17 7 37 7 32 4 39 4 7 39 7 9 62 7 50 4 7 37 4 53 4 53 7 37 7 45 7 39 7 53 4 37 11 29 12 
24 8 9 12 45 4 29 7 18 7 17 7 4 2 9 8 22 6 8 47 1 22 8 1 60 7 25 7 4 7 37 7 62 7 25 7 32 7 32 4 
27 1 29 1 30 10 38 4 30 9 57 8 6 8 2 9 36 1 20 11 50 4 29 7 37 4 58 1 28 8 23 2 8 22 10 14 24 3 16 14 
35 42 48 2 1 22 10 16 10 11 20 11 20 11 10 27 11 20 11 20 11 52 11 20 11 52 11 38 11 21 11 21 1 23 4 25 11 4 62 4 
25 4 54 2 14 22 14 19 6 15 6 50 1 6 31 1 9 58 9 56 8 22 6 2 8 31 1 9 60 14 26 10 43 11 43 11 21 11 20 11 
33 61 48 41 59 41 46 59 41 59 46 59 46 41 46 59 46 48 2 30 8 49 9 57 2 47 12 29 12 56 12 9 18 7 4 52 14 19 3 30 
52 11 38 11 20 11 21 11 21 11 52 11 21 11 43 11 20 11 38 10 20 11 37 7 4 17 12 31 6 56 4 29 6 23 1 8 44 12 58 2 
37 3 8 37 7 17 4 32 4 39 7 45 4 7 32 7 29 7 29 4 7 53 4 32 4 7 25 4 25 4 45 4 25 7 25 7 37 7 4 17 
43 14 10 1 29 11 2 1 8 6 57 12 40 3 7 50 4 18 7 25 11 4 8 58 2 56 7 63 14 63 14 51 3 27 10 40 2 8 12 28 
49 8 39 2 38 4 44 1 51 14 24 1 9 1 30 2 23 12 2 6 9 6 1 8 57 6 28 14 56 6 9 1 56 8 28 6 60 1 8 11 
17 7 4 32 7 62 7 4 7 45 4 29 4 47 12 2 39 2 22 9 36 12 56 2 1 8 7 25 6 58 6 39 14 3 61 42 48 42 46 41 
59 46 59 41 59 41 46 41 46 59 41 61 34 33 34 33 34 13 33 34 33 34 33 34 13 34 33 34 33 13 33 13 34 61 34 33 34 33 34 33 
32 4 7 4 7 53 4 25 7 29 7 4 53 7 39 7 18 7 18 7 37 7 18 4 62 7 39 4 18 7 45 4 7 37 7 50 4 7 17 4 
16 14 54 3 16 3 17 4 57 6 60 8 1 13 33 34 33 34 13 34 33 61 13 33 13 33 34 33 13 61 42 59 55 35 55 35 55 35 55 35 
26 10 27 11 21 11 21 11 20 10 11 20 11 53 4 32 4 43 6 24 11 7 50 4 7 53 3 36 12 57 7 4 47 10 27 7 59 61 46 59 
48 8 23 6 36 9 2 12 9 44 2 6 8 6 22 6 58 1 15 8 22 8 53 7 62 2 22 8 31 1 57 8 2 49 8 49 2 12 15 1 
63 2 47 2 12 15 6 4 57 8 23 8 44 9 47 1 19 8 3 1 8 20 3 53 7 1 50 10 11 32 6 3 24 3 6 7 57 2 9 12 
5 35 55 35 55 35 55 35 55 35 55 35 55 35 55 35 55 33 61 42 41 46 59 46 4 37 4 7 17 7 25 4 7 18 4 32 7 53 7 12 
1 37 7 25 7 29 7 18 7 17 11 27 11 20 8 9 1 29 1 49 9 1 60 2 12 47 1 9 53 4 7 53 4 53 7 29 4 37 4 18 
7 19 3 45 2 14 63 4 11 20 11 20 11 10 21 11 43 11 21 11 38 11 20 11 38 11 38 11 20 11 21 11 21 10 3 27 6 8 15 12 
34 13 34 33 34 33 13 34 33 34 33 34 33 13 34 33 34 33 34 13 34 33 34 33 34 33 61 34 61 13 34 33 34 33 34 55 35 55 35 55 
42 46 59 46 61 46 41 46 59 46 59 46 59 41 46 41 59 41 59 41 59 46 59 46 41 59 46 59 41 59 41 46 59 46 41 59 41 46 59 41 
9 24 11 10 52 10 17 2 22 8 29 4 17 4 37 4 37 7 29 4 17 7 4 45 4 25 4 17 4 7 45 2 24 11 21 11 20 11 38 11 
57 12 7 25 4 62 4 32 7 36 1 15 6 31 8 31 8 2 56 2 58 4 32 14 24 3 14 10 11 21 11 27 11 10 11 21 11 27 11 21 
4 17 1 36 11 53 12 36 2 4 62 4 45 7 37 4 37 4 37 7 17 7 39 7 17 4 53 4 62 7 50 7 37 7 49 9 31 9 50 4 
19 4 32 7 37 7 4 53 7 37 4 39 4 53 7 50 4 45 4 39 12 29 3 41 59 8 56 9 20 11 20 10 21 10 11 10 11 21 10 11 
2 10 16 10 24 2 14 19 10 54 10 11 27 10 11 32 4 32 4 53 7 62 7 32 7 39 7 4 7 50 7 50 4 18 4 53 7 39 4 7 
3 48 41 59 46 59 42 46 59 41 46 41 46 41 59 41 46 41 59 46 41 46 59 41 46 59 41 2 1 22 6 23 1 49 6 15 9 14 37 12 
10 4 52 11 38 11 20 11 38 10 38 11 52 11 38 10 38 11 38 8 52 4 1 6 15 6 2 15 1 12 23 6 36 9 10 11 21 10 27 11 
56 2 9 15 1 34 33 13 61 13 41 46 59 4 62 4 25 4 37 9 14 10 43 11 20 11 20 11 21 11 20 11 20 11 21 11 21 10 21 11 
54 2 37 6 28 6 1 8 15 2 49 1 4 53 7 50 4 7 17 4 27 10 11 27 11 20 11 27 11 38 11 38 11 20 11 43 11 27 11 52 
46 41 59 46 59 46 59 41 46 59 41 59 41 59 41 59 13 34 33 13 34 33 55 35 55 35 55 35 55 35 55 34 61 33 34 33 61 33 13 33 
12 9 28 6 62 9 60 6 16 11 53 7 29 14 11 7 45 1 23 9 52 10 38 11 20 11 20 11 10 51 12 7 50 11 4 8 44 1 15 2 
60 7 39 3 9 62 4 11 39 7 60 8 15 2 6 30 8 44 6 31 2 28 9 60 6 9 60 1 12 17 12 1 9 22 1 15 11 45 4 7 
44 14 19 12 6 52 2 15 10 38 11 27 11 21 11 38 11 21 11 52 10 7 39 2 28 10 38 12 44 8 46 1 58 6 50 4 10 3 8 12 
40 14 10 51 10 38 11 38 11 38 11 52 11 38 11 21 11 38 11 52 11 20 11 19 14 23 6 57 2 44 8 28 2 6 9 23 9 22 6 9 
14 52 2 60 1 47 1 14 44 1 10 56 9 60 12 15 2 12 54 11 32 4 62 4 39 7 53 4 18 4 17 7 29 7 50 4 32 4 32 4 
15 3 14 26 10 3 51 9 31 2 9 3 56 8 44 2 36 9 11 50 4 29 7 62 4 32 12 6 25 4 11 20 14 51 14 52 10 38 10 38 
55 35 55 35 55 35 55 35 55 35 55 35 55 34 35 34 46 59 41 46 59 46 41 46 59 46 59 46 59 41 13 33 34 33 34 33 34 33 34 61 
18 1 54 14 3 51 3 9 22 6 12 1 15 2 37 7 2 19 3 14 51 3 38 11 52 11 21 11 52 11 27 11 43 12 47 6 47 2 8 9 
38 4 10 20 11 38 11 20 11 20 11 20 11 21 11 20 11 20 11 4 9 1 8 47 8 15 6 58 9 57 8 1 2 45 7 54 2 9 22 6 
20 8 30 11 21 11 7 37 4 45 4 29 4 53 7 29 4 53 7 32 7 17 4 53 7 53 7 53 4 29 2 3 27 3 23 2 58 9 6 11 
61 34 33 13 34 13 33 34 13 34 33 34 33 34 33 34 13 33 34 33 13 34 33 34 33 34 33 34 13 34 33 34 33 13 34 1 39 12 47 2 
11 18 7 45 9 7 20 10 24 3 14 24 14 51 6 12 62 10 11 21 11 21 10 11 52 11 16 14 23 4 45 6 53 8 1 2 44 6 8 30 
6 12 7 4 51 14 10 24 14 8 58 1 30 6 30 8 2 23 6 15 6 22 3 28 9 4 7 37 7 37 7 25 7 53 4 19 1 31 6 8 
62 14 6 56 2 1 15 8 15 4 32 4 62 4 17 7 4 29 7 4 7 39 7 37 4 7 18 4 37 4 53 8 27 4 32 7 29 11 20 11 
29 3 52 11 43 10 27 11 21 11 38 11 38 11 21 10 38 11 10 11 38 11 10 43 11 27 11 10 27 11 21 11 10 21 3 52 11 20 11 38 
45 4 32 1 62 7 18 7 32 4 25 4 53 4 39 4 37 7 18 4 29 7 18 4 53 4 53 4 62 4 58 7 4 7 50 7 17 7 4 39 
39 4 7 37 7 25 7 32 4 32 7 4 45 4 45 7 50 4 39 7 18 7 25 2 29 1 10 52 11 62 4 39 4 18 4 23 2 44 2 9 
21 8 11 57 12 39 7 53 4 7 4 37 4 37 4 53 7 32 4 7 62 4 53 7 25 7 45 4 32 7 4 17 7 37 7 6 58 2 58 9 
28 12 56 9 2 22 6 44 2 23 12 60 6 7 27 11 21 11 20 11 21 11 21 10 11 21 11 21 11 21 3 51 10 20 11 52 11 21 11 21 
47 9 29 4 29 1 45 7 17 7 32 1 58 9 1 58 6 22 1 28 2 58 8 6 44 12 60 1 32 4 53 7 53 7 62 12 1 9 49 9 
22 9 1 9 60 1 56 8 2 40 14 7 6 31 3 36 1 23 6 49 9 31 8 57 8 2 15 7 27 11 52 11 52 11 27 11 43 10 20 11 
51 10 21 11 20 4 24 3 10 31 14 26 10 38 11 21 11 21 11 10 11 43 11 20 11 21 11 21 10 20 11 62 4 53 7 62 4 32 4 37 
13 34 13 34 13 33 34 13 34 33 34 33 61 34 13 61 13 34 33 34 33 34 33 13 33 34 13 33 34 41 48 42 48 7 4 18 4 32 7 62 
36 2 8 2 23 2 25 8 15 2 28 8 15 8 22 2 8 12 57 1 47 8 47 9 8 28 12 22 2 57 9 8 31 9 49 2 8 56 9 15 
31 2 53 8 36 8 15 1 31 8 41 1 50 4 62 2 49 9 8 59 41 46 41 61 6 8 30 8 36 1 11 62 11 62 4 39 4 39 6 21 
30 6 10 27 10 11 38 11 43 11 38 10 20 1 57 8 57 8 1 52 9 15 3 26 6 30 6 28 8 22 8 47 6 23 6 15 8 9 58 8 
50 11 16 2 12 20 3 40 6 15 1 6 28 12 60 2 30 4 24 2 11 38 11 38 11 32 7 50 7 32 7 32 7 29 8 2 37 6 20 11 
41 59 46 41 59 46 59 7 53 4 53 7 53 4 53 4 6 20 7 22 2 22 8 62 11 52 11 10 20 11 43 11 52 11 38 11 38 11 38 11 
8 21 10 51 14 10 54 3 14 3 16 14 6 1 15 8 12 28 9 2 60 1 51 3 56 7 31 6 36 2 6 44 12 47 9 57 2 9 15 6 
53 10 63 14 40 3 10 38 4 37 4 11 21 10 38 11 38 11 2 36 12 1 60 8 14 32 4 24 9 19 14 3 16 2 6 22 10 40 11 4 
23 12 8 58 9 49 1 30 12 6 18 8 23 2 8 20 11 14 3 54 7 42 61 46 41 59 41 59 41 59 46 41 46 61 59 42 48 35 41 59 
58 3 16 14 10 11 20 11 38 11 7 37 7 17 7 4 32 4 18 7 50 7 4 50 7 17 7 29 7 17 3 54 3 40 10 38 11 20 10 27 
24 3 14 16 7 4 18 6 22 1 12 8 9 56 6 44 2 28 12 47 1 31 9 12 31 12 56 3 53 9 12 2 53 7 15 8 26 14 24 3 
27 7 4 53 4 37 7 37 7 32 4 53 4 18 7 39 4 23 12 22 6 56 1 12 9 58 8 30 8 1 30 9 8 9 3 1 56 6 60 1 
35 55 35 55 35 55 35 55 35 55 35 55 35 55 35 34 33 13 33 13 33 34 33 13 34 33 34 33 61 13 33 13 33 34 33 34 33 34 13 33 
25 12 62 8 15 9 28 6 2 54 1 14 39 7 8 10 17 7 32 7 29 4 45 4 32 7 39 7 50 4 39 7 29 4 39 8 17 6 42 61 
33 34 13 33 34 33 34 33 34 33 13 34 33 34 61 33 34 13 34 33 34 33 34 61 34 33 34 33 13 33 34 33 34 33 34 33 34 33 34 13 
52 11 43 10 43 10 11 43 10 52 11 21 11 20 11 21 11 32 11 43 14 24 1 58 6 49 6 9 2 9 30 12 28 1 23 8 15 1 15 9 
37 4 7 2 22 8 15 1 11 18 14 3 11 20 11 43 11 38 11 38 11 20 11 20 10 11 20 11 38 11 62 11 21 11 10 21 10 11 21 11 
43 11 29 7 50 7 17 4 50 4 37 7 17 4 39 7 17 7 62 4 6 8 17 3 17 7 29 4 29 4 53 7 32 7 45 6 9 15 8 58 
49 2 36 9 49 6 28 12 45 9 15 8 57 9 6 12 36 8 58 6 36 12 15 12 15 9 1 32 4 32 7 29 4 7 28 6 19 3 54 10 
17 7 3 24 10 27 11 52 10 27 10 21 11 38 11 21 11 20 10 26 14 63 3 1 6 56 1 30 2 23 1 22 3 21 14 51 10 38 11 21 
59 41 33 13 61 34 33 13 33 13 33 34 33 34 33 13 34 55 35 55 35 55 35 55 13 59 61 33 13 61 33 13 33 34 13 33 34 13 33 34 
32 4 39 4 45 7 62 4 50 1 36 12 9 49 1 36 12 50 3 31 12 52 10 52 1 56 4 9 36 2 10 20 11 27 4 53 7 29 4 17 
16 10 54 14 63 3 51 14 3 19 14 51 10 21 11 20 11 21 11 43 11 38 11 20 10 21 11 38 11 38 11 38 10 11 27 11 20 11 38 10 
26 11 38 10 11 43 11 20 10 11 27 11 21 11 38 11 38 11 38 7 17 1 14 22 1 2 56 8 58 3 24 14 4 29 7 4 18 7 62 4 
48 42 61 42 34 61 34 33 34 33 34 33 34 33 41 59 41 46 41 46 41 46 59 41 46 41 46 59 46 59 41 46 41 46 59 46 59 4 11 21 
63 4 53 2 8 9 20 12 57 9 40 3 51 3 51 3 40 14 54 3 16 14 51 11 12 30 9 49 1 51 3 51 3 40 8 60 1 58 2 1 
5 13 34 61 13 34 61 3 16 11 27 11 43 11 21 11 10 52 11 20 11 43 10 43 10 11 21 11 38 11 20 11 27 11 38 11 43 11 38 11 
1 56 2 60 9 31 2 9 23 9 14 56 12 58 6 1 8 57 2 9 1 9 22 1 10 51 8 60 8 44 9 12 49 9 8 12 9 1 12 7 
7 11 52 10 43 2 1 41 59 42 48 2 6 8 23 11 52 6 54 3 63 3 60 10 16 4 62 6 12 52 11 10 20 3 28 4 36 1 15 1 
34 33 13 33 34 13 33 34 33 34 33 13 34 13 33 34 33 34 61 13 34 33 34 33 34 13 33 13 61 33 34 33 34 33 34 33 61 34 33 34 
42 61 13 33 61 13 33 34 33 61 33 34 33 13 33 13 33 34 33 61 33 13 34 33 34 33 61 33 34 33 34 13 61 13 34 61 42 61 34 33 
9 45 7 29 7 57 8 28 6 30 2 23 8 12 63 14 3 63 10 38 11 38 11 43 11 38 11 21 11 27 11 43 11 38 11 21 11 38 11 38 
57 2 58 12 56 2 47 9 57 6 49 9 8 11 12 6 28 8 44 4 32 7 45 7 48 2 9 36 1 30 9 1 2 1 49 6 31 6 22 1 
4 37 4 37 7 4 17 6 23 9 15 6 1 58 2 6 56 7 47 1 57 1 6 1 58 8 9 23 12 29 4 29 14 3 25 11 7 39 7 4 
19 9 8 38 11 21 11 20 11 52 11 21 11 38 7 45 4 38 11 52 11 21 11 27 11 21 11 20 11 21 11 20 11 10 21 10 38 10 11 20 
2 44 1 53 12 49 6 22 6 15 6 8 36 2 12 53 7 6 44 6 60 2 47 4 45 3 14 58 2 22 12 1 15 2 22 8 56 1 6 2 
3 19 10 43 11 52 11 18 7 4 53 4 45 7 4 21 7 6 31 1 6 57 6 10 4 11 38 11 10 11 20 3 44 1 63 10 27 10 20 11 
10 6 30 4 36 2 8 9 36 9 47 2 9 31 1 49 9 17 7 50 4 40 3 2 53 1 30 2 4 53 7 32 7 17 4 23 4 2 9 40 
56 6 44 8 15 1 44 1 3 24 3 58 12 57 2 15 6 44 6 15 12 47 7 6 12 58 2 56 2 6 8 60 4 59 48 8 2 60 8 36 
54 3 19 14 24 3 14 15 8 10 11 38 12 26 10 27 11 38 10 38 10 38 10 11 21 11 21 11 21 11 27 10 38 11 20 11 21 11 38 7 
46 59 41 46 41 59 46 41 46 59 41 6 40 12 6 31 8 56 8 49 1 57 9 6 2 53 9 39 7 50 7 17 7 29 10 11 17 4 37 4 
12 2 12 39 2 31 2 44 8 23 8 12 6 1 15 10 3 63 14 51 14 24 10 27 4 41 46 59 61 33 34 33 13 34 33 34 33 34 13 34 
60 8 9 44 8 50 4 49 6 32 7 25 7 29 7 45 4 53 4 32 7 17 7 53 4 29 7 15 6 58 2 12 36 1 12 8 12 1 22 6 
44 12 58 2 6 4 45 7 45 4 37 7 39 7 2 25 9 2 53 8 1 31 6 12 30 14 53 1 6 28 8 23 6 8 57 6 44 1 56 9 
40 10 63 3 54 14 19 14 3 60 12 37 4 17 7 50 4 39 4 7 18 4 45 7 29 4 7 12 27 11 20 11 20 11 38 11 20 11 43 11 
14 54 3 14 40 3 63 14 16 1 36 6 1 61 13 34 33 34 13 33 34 33 13 61 33 34 33 34 33 34 33 34 33 13 34 33 34 33 34 33 
15 14 1 56 6 2 9 31 2 49 3 30 6 19 2 14 16 10 52 2 22 4 29 7 18 2 54 4 28 12 2 56 6 12 44 9 7 11 51 10 
55 35 55 35 55 35 34 55 34 61 33 34 33 13 61 33 34 33 13 61 33 13 34 33 13 34 33 13 34 33 13 61 34 33 34 33 34 13 34 33 
18 7 17 7 50 7 50 6 43 7 4 53 4 7 4 57 1 12 15 9 30 6 12 16 14 38 11 38 11 38 11 52 10 20 10 20 10 38 11 21 
38 6 8 57 9 6 28 9 56 6 49 12 56 9 4 39 7 17 7 4 7 4 18 7 50 7 17 4 53 4 62 7 29 7 45 7 45 4 7 1 
20 3 26 3 14 3 16 10 20 4 23 10 22 8 36 2 47 8 15 12 1 8 6 15 9 15 12 9 8 44 12 1 10 28 6 12 23 8 1 31 
61 34 33 13 34 13 34 41 61 13 34 33 13 33 48 4 37 7 37 4 7 28 1 60 2 8 28 2 12 60 2 58 9 6 56 1 28 8 47 8 
11 4 11 21 10 21 11 21 11 53 12 9 47 1 8 36 12 6 15 1 56 1 60 6 47 8 15 8 30 6 58 9 6 56 2 31 1 36 12 56 
6 22 4 7 43 7 45 4 18 7 32 7 4 18 4 53 7 23 1 15 12 49 12 18 1 6 31 8 31 1 44 8 6 28 12 8 6 12 56 1 
62 4 45 4 62 4 45 7 30 2 36 9 31 6 4 13 33 34 33 13 34 33 13 34 33 13 33 13 33 34 33 34 33 34 33 34 33 34 61 33 
29 12 1 9 28 12 9 2 6 3 63 12 1 15 2 49 6 36 6 36 6 36 1 2 9 2 61 34 33 34 33 34 13 33 34 33 13 33 34 33 
45 4 45 7 29 4 18 4 39 4 29 7 62 4 62 7 18 4 53 4 53 4 7 29 11 53 6 38 4 2 8 36 8 47 6 3 63 7 8 51 
39 1 49 3 19 9 15 7 58 11 38 3 54 3 54 10 21 11 27 10 27 11 21 10 43 10 52 4 53 4 39 6 36 12 31 2 23 2 8 20 
21 11 52 11 38 11 21 11 38 11 27 11 52 11 38 11 20 11 21 11 38 11 20 11 20 11 38 11 38 11 38 11 38 11 21 11 20 11 27 11 
28 9 2 56 1 63 3 14 3 19 8 15 2 1 8 14 62 11 52 10 27 10 38 11 10 11 38 11 20 11 10 11 21 11 21 11 21 11 30 6 
47 12 19 3 26 3 63 10 40 11 51 1 28 4 15 12 60 12 31 12 15 2 8 1 49 1 9 22 9 6 31 8 30 8 57 2 31 8 12 8 
22 11 16 10 11 38 11 21 11 38 11 52 11 27 11 2 36 1 18 4 17 7 25 7 18 12 23 11 52 10 43 11 22 1 43 8 59 42 41 46 
51 6 15 9 15 12 44 12 2 22 6 4 31 9 60 4 15 12 44 8 6 58 2 28 1 30 14 58 11 4 25 7 4 58 12 56 9 1 57 6 
13 48 6 9 49 2 56 1 44 1 26 9 49 12 30 4 38 2 49 2 21 11 15 2 44 2 6 57 6 57 6 25 4 46 6 61 13 33 34 33 
36 11 6 9 57 12 31 8 12 8 36 7 28 8 47 1 12 58 1 40 4 11 27 11 10 11 19 9 10 38 11 21 11 21 7 20 9 8 58 1 
31 2 49 2 12 56 2 12 11 50 6 47 6 28 12 58 6 9 15 12 26 4 45 11 38 11 38 11 43 11 38 11 38 11 20 11 50 11 43 11 
30 9 15 6 2 23 6 28 8 47 12 8 47 1 9 22 2 44 8 22 6 15 9 23 2 53 1 31 9 44 6 57 7 39 4 17 7 11 38 10 
50 7 32 4 7 39 7 39 7 18 7 4 45 7 58 6 36 2 31 4 1 44 2 36 3 24 3 51 14 3 13 34 33 34 33 13 33 34 33 34 
41 46 41 46 48 8 6 36 1 9 38 10 38 2 37 3 16 14 10 20 11 20 11 38 11 38 11 10 11 38 11 20 11 10 21 11 38 11 38 4 
8 21 10 58 12 1 49 6 1 9 8 15 8 15 1 51 14 24 10 11 38 11 38 10 38 11 20 11 20 11 21 4 17 4 15 8 29 4 20 1 
53 10 43 11 38 10 20 11 38 11 38 11 21 11 38 11 38 11 10 38 11 21 11 20 11 20 11 21 10 21 11 27 11 38 11 20 10 38 11 21 
23 12 1 58 8 56 2 23 12 6 18 8 30 8 2 28 12 9 8 62 4 41 59 46 1 7 3 54 14 40 8 28 2 11 43 11 21 8 14 6 
58 12 14 27 11 21 11 21 11 20 11 20 11 10 11 20 11 38 10 52 10 38 11 38 11 21 11 20 11 21 11 52 11 43 11 38 11 20 11 21 
24 3 14 16 7 3 10 14 25 7 4 18 4 53 4 53 7 18 7 39 7 37 7 12 31 12 56 9 49 2 10 11 38 10 11 20 11 21 10 20 
27 7 15 6 32 4 18 7 29 1 23 2 15 8 58 1 15 2 56 6 1 57 6 9 1 56 1 8 12 23 8 49 12 4 1 6 62 7 62 7 
35 55 35 55 35 34 33 13 34 33 34 33 35 55 35 55 35 55 35 55 35 55 35 55 35 55 35 55 35 55 35 55 35 55 35 55 35 55 35 55 
25 12 57 9 6 12 28 1 9 62 12 1 22 9 15 12 30 2 12 15 1 2 28 2 18 7 21 1 53 11 38 11 27 11 20 11 21 11 43 11 
33 34 13 33 34 33 34 33 34 61 34 13 34 61 33 34 33 13 34 33 34 33 34 61 41 42 46 42 48 6 63 2 15 12 31 8 44 9 21 11 
52 7 1 60 12 37 7 41 4 62 4 12 15 9 12 21 11 20 10 38 10 27 11 38 11 52 11 21 11 21 11 38 11 20 4 37 4 9 6 36 
37 7 29 1 23 8 15 1 15 2 56 6 8 6 44 8 2 43 2 40 3 28 6 31 2 23 1 6 47 2 56 9 12 25 1 40 2 8 29 8 
43 1 27 10 21 11 21 11 38 11 38 11 27 11 38 11 21 11 38 11 10 6 9 44 12 8 2 8 10 3 45 1 2 15 6 60 2 9 8 56 
49 7 37 8 51 10 26 14 40 3 19 14 49 12 2 1 47 12 60 8 47 12 15 12 27 11 27 10 43 11 20 10 11 10 20 10 21 11 38 11 
17 7 3 24 10 21 11 62 4 29 7 50 11 38 11 21 11 20 11 20 11 43 11 10 11 38 10 27 11 38 11 38 11 20 11 52 11 43 7 4 
59 41 33 13 33 34 33 13 33 13 33 34 13 33 34 33 34 33 34 61 13 61 13 33 34 33 34 33 13 61 33 13 34 61 33 34 33 34 33 13 
32 14 43 11 43 11 38 11 38 11 38 11 20 11 38 11 38 11 20 11 52 10 38 11 20 11 43 7 50 4 18 7 4 29 7 45 7 32 7 4 
16 10 54 14 63 3 51 14 3 22 9 53 4 37 7 11 32 4 37 4 39 7 17 7 29 7 25 7 17 4 32 7 32 7 4 45 7 37 7 6 
26 11 38 11 20 11 52 11 38 11 20 11 21 11 38 11 38 11 43 7 11 20 11 20 11 10 52 10 52 11 21 11 21 11 20 11 20 11 52 11 
48 42 48 42 34 35 55 35 55 35 55 35 55 35 55 35 55 35 55 35 33 34 61 33 34 61 13 34 61 13 33 34 33 34 33 34 33 34 33 34 
63 4 47 9 2 8 6 30 9 15 6 8 36 12 36 12 29 7 50 4 18 4 62 7 29 7 50 4 50 9 60 1 36 12 23 2 43 11 38 11 
5 33 55 35 55 34 61 34 13 34 33 34 33 61 13 61 33 34 33 34 33 34 33 34 61 35 33 34 33 34 33 34 13 33 34 13 34 33 34 13 
1 56 2 62 9 29 10 11 20 11 4 62 7 62 10 3 26 3 19 3 10 12 20 8 1 36 12 49 9 36 6 22 1 2 7 8 9 12 1 6 
7 11 38 11 38 11 27 11 38 11 38 10 11 21 11 38 11 10 52 11 38 11 50 4 25 4 62 4 32 14 39 7 18 7 39 4 36 1 15 1 
34 33 13 33 34 13 33 34 33 34 33 13 34 33 61 34 33 34 33 34 33 34 33 34 61 13 33 13 33 34 33 34 33 13 61 34 13 33 34 33 
42 48 8 1 7 9 49 8 7 16 2 1 12 47 1 4 22 6 8 9 1 6 36 12 4 62 12 9 31 9 58 3 14 16 10 38 10 38 11 20 
9 45 7 29 7 50 7 37 7 45 12 15 2 9 58 12 7 62 4 53 7 62 7 45 7 56 11 4 6 3 14 43 11 38 11 39 7 47 12 56 
57 2 58 12 49 1 36 6 44 6 49 3 2 4 10 4 38 11 43 11 27 11 38 11 52 11 20 11 58 6 49 6 8 2 56 9 31 6 22 1 
4 29 12 39 7 29 7 18 7 17 7 47 9 58 1 12 56 1 36 11 60 1 6 2 49 1 9 23 12 29 14 12 10 11 20 11 21 11 20 7 
19 10 3 43 11 26 14 25 11 62 4 45 7 18 7 45 7 50 7 50 6 9 39 10 43 11 52 11 52 11 27 11 43 11 20 11 38 10 11 20 
2 45 4 59 41 46 7 37 7 25 2 9 30 1 6 60 9 8 47 6 60 2 47 4 37 1 12 49 6 39 7 1 15 2 22 8 56 1 6 2 
3 19 10 38 11 52 11 20 10 11 43 11 38 11 10 27 11 10 20 11 10 53 7 18 4 25 7 4 7 4 45 4 37 7 62 7 18 7 17 8 
10 14 63 14 39 4 17 7 39 4 53 7 4 17 4 62 4 39 7 45 7 37 7 32 4 25 4 7 32 7 39 7 25 4 50 4 53 4 7 39 
56 11 38 11 20 11 43 11 20 11 20 11 38 11 27 10 38 10 38 10 38 10 52 11 27 11 20 11 38 10 11 38 4 59 48 61 13 34 33 34 
54 3 19 14 24 3 14 3 11 27 11 38 10 20 11 21 11 38 10 38 6 52 12 8 7 37 7 38 3 8 9 1 39 1 27 10 11 21 11 38 
46 41 6 9 47 12 2 15 6 1 57 2 44 6 26 7 11 53 7 62 7 50 7 4 25 7 37 4 38 11 21 11 21 11 20 11 20 11 20 11 
12 2 12 39 2 31 1 56 8 23 8 12 6 1 15 2 9 49 9 60 12 22 2 9 63 3 10 14 24 9 10 52 11 20 11 20 11 52 11 56 
60 2 1 36 8 57 1 58 6 32 10 2 49 4 11 43 11 43 11 21 11 21 11 38 11 27 7 4 37 4 62 4 53 7 4 25 4 29 4 18 
44 14 52 11 21 11 21 11 20 11 38 10 21 11 20 11 20 11 38 11 27 11 21 11 20 11 38 11 21 11 20 4 22 12 52 14 38 11 52 11 
40 10 43 10 38 11 20 11 20 11 38 10 21 11 23 2 49 2 12 2 10 53 4 29 4 18 4 32 4 7 37 4 45 9 56 14 3 26 3 26 
14 49 6 1 30 2 61 42 46 48 6 12 2 56 9 28 1 30 1 2 22 2 44 9 32 4 37 4 25 11 38 11 52 11 52 11 20 11 43 11 
15 14 1 56 9 8 19 3 14 51 14 21 1 32 1 15 1 36 1 31 1 38 8 30 10 40 14 16 14 40 3 63 14 24 10 11 9 6 52 8 
55 35 55 35 55 35 34 55 34 33 13 34 33 13 61 33 34 33 34 13 34 61 33 34 13 33 34 13 33 34 13 61 34 33 34 33 34 35 55 35 
18 7 4 29 7 29 4 50 4 18 4 53 7 25 4 57 14 3 24 3 43 11 21 11 43 11 52 11 20 11 20 11 38 11 43 11 20 11 38 11 
38 11 21 11 21 11 17 4 50 7 62 11 51 6 2 15 9 8 12 1 12 1 12 15 8 6 12 30 9 23 12 6 2 58 12 60 1 2 12 2 
20 3 29 7 4 15 14 51 14 29 10 11 27 7 37 12 39 10 11 38 11 20 10 20 11 21 11 20 11 38 11 27 11 27 11 8 25 7 10 21 
61 4 31 6 63 14 4 24 14 3 24 10 45 4 41 46 59 41 46 41 46 41 46 59 41 46 41 46 41 59 42 59 46 59 2 60 6 28 9 21 
11 4 11 27 11 43 11 21 11 52 10 20 11 38 10 21 11 10 11 20 11 38 11 52 11 20 11 43 11 38 11 21 11 38 11 20 11 38 11 52 
6 22 8 9 45 1 56 1 15 7 4 17 8 3 10 38 11 21 11 21 10 63 14 27 11 20 11 21 11 20 11 20 11 20 11 3 10 11 38 11 
62 4 40 10 52 11 20 11 20 11 38 11 21 11 10 11 21 11 52 11 10 38 10 20 11 36 2 47 2 19 1 16 1 2 47 4 50 7 40 4 
29 7 29 14 26 10 20 11 21 11 38 10 11 21 11 52 10 21 11 38 1 28 9 6 8 12 62 4 39 7 29 7 4 39 7 17 4 45 4 27 
45 4 45 7 22 12 2 9 22 12 2 25 7 50 4 39 4 7 39 4 53 4 25 4 25 7 45 4 62 7 17 4 14 63 3 14 51 14 10 52 
39 7 62 4 17 4 29 4 62 4 53 10 43 10 38 11 20 11 27 10 20 11 20 11 52 10 43 11 20 11 38 11 43 10 38 11 38 11 21 11 
21 11 53 4 53 7 4 37 4 32 4 7 62 7 1 50 7 1 4 29 7 29 4 62 7 53 7 18 7 29 7 62 7 18 7 29 4 7 18 7 
28 14 3 63 3 54 9 1 8 9 12 6 49 12 31 2 56 6 57 12 28 8 57 12 4 17 7 62 4 62 4 7 4 39 4 45 4 32 4 39 
47 12 30 12 15 12 60 8 32 4 50 7 25 7 4 7 53 7 37 4 18 7 4 7 62 1 9 22 1 10 27 11 43 10 43 11 20 10 11 10 
22 9 1 30 8 44 1 14 53 6 32 8 2 10 51 12 47 1 47 9 18 4 45 7 18 7 18 7 62 4 62 4 39 7 37 7 62 7 29 4 
51 6 15 9 10 8 42 48 42 48 42 48 1 56 2 44 9 62 14 17 6 58 2 22 12 22 6 57 8 2 1 31 6 57 8 50 7 32 4 53 
13 33 34 13 34 61 34 33 13 34 33 34 55 5 33 34 61 34 33 13 34 33 13 34 33 34 13 35 55 35 55 35 55 35 55 35 55 33 13 33 
36 11 6 9 57 6 36 8 12 8 36 7 28 8 47 7 12 63 14 40 3 10 3 14 16 3 21 11 6 44 9 12 60 2 23 9 8 6 53 6 
31 10 51 3 16 10 54 14 8 52 10 21 11 20 11 62 10 27 4 7 29 7 37 7 45 4 37 7 50 4 62 4 53 7 25 11 38 11 38 11 
30 7 4 53 4 45 7 18 11 38 11 20 11 52 11 43 11 38 11 38 11 20 11 31 14 38 4 25 7 38 6 57 7 39 9 30 4 1 57 9 
